450 0 8.5 
450 35 8.5 
450 0 -3 
450 35 -3 
223.5 0 8.5 
223.5 35 8.5 
223.5 0 -3 
223.5 35 -3 

-3 0 8.5 
-3 35 8.5 

450 0 -3 
450 35 -3 
-3 0 -3 
-3 35 -3 

223.5 0 8.5 
223.5 35 8.5 
223.5 0 -3 
223.5 35 -3 
166.875 0 8.5 
166.875 35 8.5 
166.875 0 -3 
166.875 35 -3 

110.25 35 8.5 
103.171875 35 8.5 
110.25 35 2.75 
103.171875 35 2.75 
110.25 30.625 8.5 
103.171875 30.625 8.5 
110.25 30.625 2.75 
103.171875 30.625 2.75 

53.625 35 8.5 
53.625 35 -3 
39.46875 35 8.5 
39.46875 35 -3 
53.625 26.25 8.5 
53.625 26.25 -3 
39.46875 26.25 8.5 
39.46875 26.25 -3 

-3 35 8.5 
-3 35 -3 
25.3125 35 8.5 
25.3125 35 -3 
-3 17.5 8.5 
-3 17.5 -3 
25.3125 17.5 8.5 
25.3125 17.5 -3 

25.3125 17.5 8.5 
25.3125 13.125 8.5 
21.7734375 17.5 8.5 
21.7734375 13.125 8.5 
25.3125 17.5 5.625 
25.3125 13.125 5.625 
21.7734375 17.5 5.625 
21.7734375 13.125 5.625 

11.15625 17.5 8.5 
4.078125 17.5 8.5 
11.15625 17.5 2.75 
4.078125 17.5 2.75 
11.15625 13.125 8.5 
4.078125 13.125 8.5 
11.15625 13.125 2.75 
4.078125 13.125 2.75 

11.15625 0 8.5 
11.15625 8.75 8.5 
4.078125 0 8.5 
4.078125 8.75 8.5 
11.15625 0 2.75 
11.15625 8.75 2.75 
4.078125 0 2.75 
4.078125 8.75 2.75 

-3 0 8.5 
-3 8.75 8.5 
4.078125 0 8.5 
4.078125 8.75 8.5 
-3 0 2.75 
-3 8.75 2.75 
4.078125 0 2.75 
4.078125 8.75 2.75 

4.078125 8.75 2.75 
0.5390625 8.75 2.75 
4.078125 8.75 -0.125 
0.5390625 8.75 -0.125 
4.078125 6.5625 2.75 
0.5390625 6.5625 2.75 
4.078125 6.5625 -0.125 
0.5390625 6.5625 -0.125 

4.078125 4.375 2.75 
4.078125 4.375 -0.125 
4.078125 2.1875 2.75 
4.078125 2.1875 -0.125 
2.30859375 4.375 2.75 
2.30859375 4.375 -0.125 
2.30859375 2.1875 2.75 
2.30859375 2.1875 -0.125 

0.5390625 4.375 2.75 
0.5390625 4.375 -0.125 
0.5390625 2.1875 2.75 
0.5390625 2.1875 -0.125 
-1.23046875 4.375 2.75 
-1.23046875 4.375 -0.125 
-1.23046875 2.1875 2.75 
-1.23046875 2.1875 -0.125 

-3 0 -3 
-3 4.375 -3 
0.5390625 0 -3 
0.5390625 4.375 -3 
-3 0 -0.125 
-3 4.375 -0.125 
0.5390625 0 -0.125 
0.5390625 4.375 -0.125 

0.5390625 0 2.75 
0.5390625 0 -0.125 
0.5390625 2.1875 2.75 
0.5390625 2.1875 -0.125 
-1.23046875 0 2.75 
-1.23046875 0 -0.125 
-1.23046875 2.1875 2.75 
-1.23046875 2.1875 -0.125 

-3 0 2.75 
-3 0 -0.125 
-3 2.1875 2.75 
-3 2.1875 -0.125 
-1.23046875 0 2.75 
-1.23046875 0 -0.125 
-1.23046875 2.1875 2.75 
-1.23046875 2.1875 -0.125 

4.078125 0 -3 
4.078125 4.375 -3 
0.5390625 0 -3 
0.5390625 4.375 -3 
4.078125 0 -0.125 
4.078125 4.375 -0.125 
0.5390625 0 -0.125 
0.5390625 4.375 -0.125 

4.078125 0 2.75 
4.078125 0 -0.125 
4.078125 2.1875 2.75 
4.078125 2.1875 -0.125 
2.30859375 0 2.75 
2.30859375 0 -0.125 
2.30859375 2.1875 2.75 
2.30859375 2.1875 -0.125 

0.5390625 0 2.75 
0.5390625 0 -0.125 
0.5390625 2.1875 2.75 
0.5390625 2.1875 -0.125 
2.30859375 0 2.75 
2.30859375 0 -0.125 
2.30859375 2.1875 2.75 
2.30859375 2.1875 -0.125 

0.5390625 4.375 2.75 
0.5390625 4.375 -0.125 
0.5390625 2.1875 2.75 
0.5390625 2.1875 -0.125 
2.30859375 4.375 2.75 
2.30859375 4.375 -0.125 
2.30859375 2.1875 2.75 
2.30859375 2.1875 -0.125 

-3 4.375 2.75 
-3 4.375 -0.125 
-3 2.1875 2.75 
-3 2.1875 -0.125 
-1.23046875 4.375 2.75 
-1.23046875 4.375 -0.125 
-1.23046875 2.1875 2.75 
-1.23046875 2.1875 -0.125 

-3 8.75 -3 
-3 8.75 2.75 
-3 4.375 -3 
-3 4.375 2.75 
0.5390625 8.75 -3 
0.5390625 8.75 2.75 
0.5390625 4.375 -3 
0.5390625 4.375 2.75 

4.078125 8.75 -3 
4.078125 4.375 -3 
0.5390625 8.75 -3 
0.5390625 4.375 -3 
4.078125 8.75 -0.125 
4.078125 4.375 -0.125 
0.5390625 8.75 -0.125 
0.5390625 4.375 -0.125 

4.078125 4.375 2.75 
4.078125 4.375 -0.125 
4.078125 6.5625 2.75 
4.078125 6.5625 -0.125 
2.30859375 4.375 2.75 
2.30859375 4.375 -0.125 
2.30859375 6.5625 2.75 
2.30859375 6.5625 -0.125 

0.5390625 4.375 2.75 
0.5390625 4.375 -0.125 
0.5390625 6.5625 2.75 
0.5390625 6.5625 -0.125 
2.30859375 4.375 2.75 
2.30859375 4.375 -0.125 
2.30859375 6.5625 2.75 
2.30859375 6.5625 -0.125 

11.15625 8.75 2.75 
11.15625 8.75 -0.125 
11.15625 6.5625 2.75 
11.15625 6.5625 -0.125 
9.38671875 8.75 2.75 
9.38671875 8.75 -0.125 
9.38671875 6.5625 2.75 
9.38671875 6.5625 -0.125 

11.15625 0 -3 
11.15625 0 2.75 
11.15625 4.375 -3 
11.15625 4.375 2.75 
7.6171875 0 -3 
7.6171875 0 2.75 
7.6171875 4.375 -3 
7.6171875 4.375 2.75 

7.6171875 4.375 2.75 
7.6171875 4.375 -0.125 
7.6171875 2.1875 2.75 
7.6171875 2.1875 -0.125 
5.84765625 4.375 2.75 
5.84765625 4.375 -0.125 
5.84765625 2.1875 2.75 
5.84765625 2.1875 -0.125 

4.078125 0 -3 
4.078125 4.375 -3 
7.6171875 0 -3 
7.6171875 4.375 -3 
4.078125 0 -0.125 
4.078125 4.375 -0.125 
7.6171875 0 -0.125 
7.6171875 4.375 -0.125 

4.078125 0 2.75 
7.6171875 0 2.75 
4.078125 0 -0.125 
7.6171875 0 -0.125 
4.078125 2.1875 2.75 
7.6171875 2.1875 2.75 
4.078125 2.1875 -0.125 
7.6171875 2.1875 -0.125 

4.078125 4.375 2.75 
4.078125 4.375 -0.125 
4.078125 2.1875 2.75 
4.078125 2.1875 -0.125 
5.84765625 4.375 2.75 
5.84765625 4.375 -0.125 
5.84765625 2.1875 2.75 
5.84765625 2.1875 -0.125 

7.6171875 8.75 2.75 
7.6171875 8.75 -0.125 
7.6171875 6.5625 2.75 
7.6171875 6.5625 -0.125 
5.84765625 8.75 2.75 
5.84765625 8.75 -0.125 
5.84765625 6.5625 2.75 
5.84765625 6.5625 -0.125 

4.078125 8.75 -3 
4.078125 4.375 -3 
7.6171875 8.75 -3 
7.6171875 4.375 -3 
4.078125 8.75 -0.125 
4.078125 4.375 -0.125 
7.6171875 8.75 -0.125 
7.6171875 4.375 -0.125 

7.6171875 4.375 2.75 
7.6171875 4.375 -0.125 
7.6171875 6.5625 2.75 
7.6171875 6.5625 -0.125 
5.84765625 4.375 2.75 
5.84765625 4.375 -0.125 
5.84765625 6.5625 2.75 
5.84765625 6.5625 -0.125 

4.078125 4.375 2.75 
4.078125 4.375 -0.125 
4.078125 6.5625 2.75 
4.078125 6.5625 -0.125 
5.84765625 4.375 2.75 
5.84765625 4.375 -0.125 
5.84765625 6.5625 2.75 
5.84765625 6.5625 -0.125 

4.078125 8.75 2.75 
4.078125 8.75 -0.125 
4.078125 6.5625 2.75 
4.078125 6.5625 -0.125 
5.84765625 8.75 2.75 
5.84765625 8.75 -0.125 
5.84765625 6.5625 2.75 
5.84765625 6.5625 -0.125 

11.15625 8.75 -3 
11.15625 4.375 -3 
7.6171875 8.75 -3 
7.6171875 4.375 -3 
11.15625 8.75 -0.125 
11.15625 4.375 -0.125 
7.6171875 8.75 -0.125 
7.6171875 4.375 -0.125 

11.15625 4.375 2.75 
11.15625 4.375 -0.125 
11.15625 6.5625 2.75 
11.15625 6.5625 -0.125 
9.38671875 4.375 2.75 
9.38671875 4.375 -0.125 
9.38671875 6.5625 2.75 
9.38671875 6.5625 -0.125 

7.6171875 4.375 2.75 
7.6171875 4.375 -0.125 
7.6171875 6.5625 2.75 
7.6171875 6.5625 -0.125 
9.38671875 4.375 2.75 
9.38671875 4.375 -0.125 
9.38671875 6.5625 2.75 
9.38671875 6.5625 -0.125 

7.6171875 8.75 2.75 
7.6171875 8.75 -0.125 
7.6171875 6.5625 2.75 
7.6171875 6.5625 -0.125 
9.38671875 8.75 2.75 
9.38671875 8.75 -0.125 
9.38671875 6.5625 2.75 
9.38671875 6.5625 -0.125 

-3 17.5 8.5 
-3 17.5 -3 
-3 8.75 8.5 
-3 8.75 -3 
4.078125 17.5 8.5 
4.078125 17.5 -3 
4.078125 8.75 8.5 
4.078125 8.75 -3 

11.15625 17.5 -3 
4.078125 17.5 -3 
11.15625 17.5 2.75 
4.078125 17.5 2.75 
11.15625 13.125 -3 
4.078125 13.125 -3 
11.15625 13.125 2.75 
4.078125 13.125 2.75 

11.15625 13.125 2.75 
7.6171875 13.125 2.75 
11.15625 13.125 -0.125 
7.6171875 13.125 -0.125 
11.15625 10.9375 2.75 
7.6171875 10.9375 2.75 
11.15625 10.9375 -0.125 
7.6171875 10.9375 -0.125 

4.078125 8.75 -3 
4.078125 8.75 2.75 
4.078125 13.125 -3 
4.078125 13.125 2.75 
7.6171875 8.75 -3 
7.6171875 8.75 2.75 
7.6171875 13.125 -3 
7.6171875 13.125 2.75 

11.15625 8.75 -3 
11.15625 13.125 -3 
7.6171875 8.75 -3 
7.6171875 13.125 -3 
11.15625 8.75 -0.125 
11.15625 13.125 -0.125 
7.6171875 8.75 -0.125 
7.6171875 13.125 -0.125 

11.15625 8.75 2.75 
11.15625 8.75 -0.125 
11.15625 10.9375 2.75 
11.15625 10.9375 -0.125 
9.38671875 8.75 2.75 
9.38671875 8.75 -0.125 
9.38671875 10.9375 2.75 
9.38671875 10.9375 -0.125 

7.6171875 8.75 2.75 
7.6171875 8.75 -0.125 
7.6171875 10.9375 2.75 
7.6171875 10.9375 -0.125 
9.38671875 8.75 2.75 
9.38671875 8.75 -0.125 
9.38671875 10.9375 2.75 
9.38671875 10.9375 -0.125 

25.3125 0 8.5 
25.3125 0 -3 
25.3125 8.75 8.5 
25.3125 8.75 -3 
18.234375 0 8.5 
18.234375 0 -3 
18.234375 8.75 8.5 
18.234375 8.75 -3 

11.15625 0 8.5 
11.15625 8.75 8.5 
18.234375 0 8.5 
18.234375 8.75 8.5 
11.15625 0 2.75 
11.15625 8.75 2.75 
18.234375 0 2.75 
18.234375 8.75 2.75 

18.234375 8.75 -3 
18.234375 8.75 2.75 
18.234375 4.375 -3 
18.234375 4.375 2.75 
14.6953125 8.75 -3 
14.6953125 8.75 2.75 
14.6953125 4.375 -3 
14.6953125 4.375 2.75 

11.15625 0 -3 
18.234375 0 -3 
11.15625 0 2.75 
18.234375 0 2.75 
11.15625 4.375 -3 
18.234375 4.375 -3 
11.15625 4.375 2.75 
18.234375 4.375 2.75 

14.6953125 8.75 2.75 
14.6953125 8.75 -0.125 
14.6953125 6.5625 2.75 
14.6953125 6.5625 -0.125 
12.92578125 8.75 2.75 
12.92578125 8.75 -0.125 
12.92578125 6.5625 2.75 
12.92578125 6.5625 -0.125 

11.15625 8.75 -3 
11.15625 4.375 -3 
14.6953125 8.75 -3 
14.6953125 4.375 -3 
11.15625 8.75 -0.125 
11.15625 4.375 -0.125 
14.6953125 8.75 -0.125 
14.6953125 4.375 -0.125 

11.15625 4.375 2.75 
14.6953125 4.375 2.75 
11.15625 4.375 -0.125 
14.6953125 4.375 -0.125 
11.15625 6.5625 2.75 
14.6953125 6.5625 2.75 
11.15625 6.5625 -0.125 
14.6953125 6.5625 -0.125 

11.15625 8.75 2.75 
11.15625 8.75 -0.125 
11.15625 6.5625 2.75 
11.15625 6.5625 -0.125 
12.92578125 8.75 2.75 
12.92578125 8.75 -0.125 
12.92578125 6.5625 2.75 
12.92578125 6.5625 -0.125 

11.15625 17.5 8.5 
18.234375 17.5 8.5 
11.15625 17.5 2.75 
18.234375 17.5 2.75 
11.15625 13.125 8.5 
18.234375 13.125 8.5 
11.15625 13.125 2.75 
18.234375 13.125 2.75 

11.15625 17.5 -3 
18.234375 17.5 -3 
11.15625 17.5 2.75 
18.234375 17.5 2.75 
11.15625 13.125 -3 
18.234375 13.125 -3 
11.15625 13.125 2.75 
18.234375 13.125 2.75 

18.234375 13.125 2.75 
14.6953125 13.125 2.75 
18.234375 13.125 -0.125 
14.6953125 13.125 -0.125 
18.234375 10.9375 2.75 
14.6953125 10.9375 2.75 
18.234375 10.9375 -0.125 
14.6953125 10.9375 -0.125 

11.15625 13.125 2.75 
14.6953125 13.125 2.75 
11.15625 13.125 -0.125 
14.6953125 13.125 -0.125 
11.15625 10.9375 2.75 
14.6953125 10.9375 2.75 
11.15625 10.9375 -0.125 
14.6953125 10.9375 -0.125 

11.15625 8.75 -3 
11.15625 13.125 -3 
14.6953125 8.75 -3 
14.6953125 13.125 -3 
11.15625 8.75 -0.125 
11.15625 13.125 -0.125 
14.6953125 8.75 -0.125 
14.6953125 13.125 -0.125 

14.6953125 8.75 2.75 
14.6953125 8.75 -0.125 
14.6953125 10.9375 2.75 
14.6953125 10.9375 -0.125 
12.92578125 8.75 2.75 
12.92578125 8.75 -0.125 
12.92578125 10.9375 2.75 
12.92578125 10.9375 -0.125 

11.15625 8.75 2.75 
11.15625 8.75 -0.125 
11.15625 10.9375 2.75 
11.15625 10.9375 -0.125 
12.92578125 8.75 2.75 
12.92578125 8.75 -0.125 
12.92578125 10.9375 2.75 
12.92578125 10.9375 -0.125 

11.15625 8.75 8.5 
11.15625 13.125 8.5 
7.6171875 8.75 8.5 
7.6171875 13.125 8.5 
11.15625 8.75 5.625 
11.15625 13.125 5.625 
7.6171875 8.75 5.625 
7.6171875 13.125 5.625 

4.078125 8.75 8.5 
4.078125 8.75 2.75 
4.078125 13.125 8.5 
4.078125 13.125 2.75 
7.6171875 8.75 8.5 
7.6171875 8.75 2.75 
7.6171875 13.125 8.5 
7.6171875 13.125 2.75 

11.15625 13.125 2.75 
7.6171875 13.125 2.75 
11.15625 13.125 5.625 
7.6171875 13.125 5.625 
11.15625 10.9375 2.75 
7.6171875 10.9375 2.75 
11.15625 10.9375 5.625 
7.6171875 10.9375 5.625 

11.15625 8.75 2.75 
11.15625 8.75 5.625 
11.15625 10.9375 2.75 
11.15625 10.9375 5.625 
9.38671875 8.75 2.75 
9.38671875 8.75 5.625 
9.38671875 10.9375 2.75 
9.38671875 10.9375 5.625 

7.6171875 8.75 2.75 
7.6171875 8.75 5.625 
7.6171875 10.9375 2.75 
7.6171875 10.9375 5.625 
9.38671875 8.75 2.75 
9.38671875 8.75 5.625 
9.38671875 10.9375 2.75 
9.38671875 10.9375 5.625 

18.234375 8.75 8.5 
18.234375 13.125 8.5 
14.6953125 8.75 8.5 
14.6953125 13.125 8.5 
18.234375 8.75 5.625 
18.234375 13.125 5.625 
14.6953125 8.75 5.625 
14.6953125 13.125 5.625 

11.15625 8.75 8.5 
11.15625 13.125 8.5 
14.6953125 8.75 8.5 
14.6953125 13.125 8.5 
11.15625 8.75 5.625 
11.15625 13.125 5.625 
14.6953125 8.75 5.625 
14.6953125 13.125 5.625 

14.6953125 13.125 2.75 
14.6953125 13.125 5.625 
14.6953125 10.9375 2.75 
14.6953125 10.9375 5.625 
12.92578125 13.125 2.75 
12.92578125 13.125 5.625 
12.92578125 10.9375 2.75 
12.92578125 10.9375 5.625 

14.6953125 8.75 2.75 
14.6953125 8.75 5.625 
14.6953125 10.9375 2.75 
14.6953125 10.9375 5.625 
12.92578125 8.75 2.75 
12.92578125 8.75 5.625 
12.92578125 10.9375 2.75 
12.92578125 10.9375 5.625 

11.15625 8.75 2.75 
11.15625 8.75 5.625 
11.15625 10.9375 2.75 
11.15625 10.9375 5.625 
12.92578125 8.75 2.75 
12.92578125 8.75 5.625 
12.92578125 10.9375 2.75 
12.92578125 10.9375 5.625 

18.234375 8.75 -3 
18.234375 13.125 -3 
14.6953125 8.75 -3 
14.6953125 13.125 -3 
18.234375 8.75 -0.125 
18.234375 13.125 -0.125 
14.6953125 8.75 -0.125 
14.6953125 13.125 -0.125 

18.234375 8.75 2.75 
18.234375 8.75 -0.125 
18.234375 10.9375 2.75 
18.234375 10.9375 -0.125 
16.46484375 8.75 2.75 
16.46484375 8.75 -0.125 
16.46484375 10.9375 2.75 
16.46484375 10.9375 -0.125 

14.6953125 8.75 2.75 
14.6953125 8.75 -0.125 
14.6953125 10.9375 2.75 
14.6953125 10.9375 -0.125 
16.46484375 8.75 2.75 
16.46484375 8.75 -0.125 
16.46484375 10.9375 2.75 
16.46484375 10.9375 -0.125 

18.234375 13.125 2.75 
18.234375 13.125 5.625 
18.234375 10.9375 2.75 
18.234375 10.9375 5.625 
16.46484375 13.125 2.75 
16.46484375 13.125 5.625 
16.46484375 10.9375 2.75 
16.46484375 10.9375 5.625 

18.234375 8.75 2.75 
18.234375 8.75 5.625 
18.234375 10.9375 2.75 
18.234375 10.9375 5.625 
16.46484375 8.75 2.75 
16.46484375 8.75 5.625 
16.46484375 10.9375 2.75 
16.46484375 10.9375 5.625 

14.6953125 8.75 2.75 
14.6953125 8.75 5.625 
14.6953125 10.9375 2.75 
14.6953125 10.9375 5.625 
16.46484375 8.75 2.75 
16.46484375 8.75 5.625 
16.46484375 10.9375 2.75 
16.46484375 10.9375 5.625 

11.15625 13.125 2.75 
11.15625 13.125 5.625 
11.15625 10.9375 2.75 
11.15625 10.9375 5.625 
12.92578125 13.125 2.75 
12.92578125 13.125 5.625 
12.92578125 10.9375 2.75 
12.92578125 10.9375 5.625 

14.6953125 13.125 2.75 
14.6953125 13.125 5.625 
14.6953125 10.9375 2.75 
14.6953125 10.9375 5.625 
16.46484375 13.125 2.75 
16.46484375 13.125 5.625 
16.46484375 10.9375 2.75 
16.46484375 10.9375 5.625 

25.3125 17.5 -3 
25.3125 8.75 -3 
18.234375 17.5 -3 
18.234375 8.75 -3 
25.3125 17.5 2.75 
25.3125 8.75 2.75 
18.234375 17.5 2.75 
18.234375 8.75 2.75 

25.3125 8.75 8.5 
25.3125 13.125 8.5 
21.7734375 8.75 8.5 
21.7734375 13.125 8.5 
25.3125 8.75 5.625 
25.3125 13.125 5.625 
21.7734375 8.75 5.625 
21.7734375 13.125 5.625 

18.234375 8.75 8.5 
18.234375 13.125 8.5 
21.7734375 8.75 8.5 
21.7734375 13.125 8.5 
18.234375 8.75 5.625 
18.234375 13.125 5.625 
21.7734375 8.75 5.625 
21.7734375 13.125 5.625 

21.7734375 13.125 2.75 
21.7734375 13.125 5.625 
21.7734375 10.9375 2.75 
21.7734375 10.9375 5.625 
20.00390625 13.125 2.75 
20.00390625 13.125 5.625 
20.00390625 10.9375 2.75 
20.00390625 10.9375 5.625 

21.7734375 8.75 2.75 
21.7734375 8.75 5.625 
21.7734375 10.9375 2.75 
21.7734375 10.9375 5.625 
20.00390625 8.75 2.75 
20.00390625 8.75 5.625 
20.00390625 10.9375 2.75 
20.00390625 10.9375 5.625 

18.234375 8.75 2.75 
18.234375 8.75 5.625 
18.234375 10.9375 2.75 
18.234375 10.9375 5.625 
20.00390625 8.75 2.75 
20.00390625 8.75 5.625 
20.00390625 10.9375 2.75 
20.00390625 10.9375 5.625 

18.234375 13.125 2.75 
18.234375 13.125 5.625 
18.234375 10.9375 2.75 
18.234375 10.9375 5.625 
20.00390625 13.125 2.75 
20.00390625 13.125 5.625 
20.00390625 10.9375 2.75 
20.00390625 10.9375 5.625 

25.3125 13.125 2.75 
25.3125 13.125 5.625 
25.3125 10.9375 2.75 
25.3125 10.9375 5.625 
23.54296875 13.125 2.75 
23.54296875 13.125 5.625 
23.54296875 10.9375 2.75 
23.54296875 10.9375 5.625 

25.3125 8.75 2.75 
21.7734375 8.75 2.75 
25.3125 8.75 5.625 
21.7734375 8.75 5.625 
25.3125 10.9375 2.75 
21.7734375 10.9375 2.75 
25.3125 10.9375 5.625 
21.7734375 10.9375 5.625 

21.7734375 13.125 2.75 
21.7734375 13.125 5.625 
21.7734375 10.9375 2.75 
21.7734375 10.9375 5.625 
23.54296875 13.125 2.75 
23.54296875 13.125 5.625 
23.54296875 10.9375 2.75 
23.54296875 10.9375 5.625 

18.234375 17.5 8.5 
18.234375 13.125 8.5 
21.7734375 17.5 8.5 
21.7734375 13.125 8.5 
18.234375 17.5 5.625 
18.234375 13.125 5.625 
21.7734375 17.5 5.625 
21.7734375 13.125 5.625 

18.234375 17.5 2.75 
21.7734375 17.5 2.75 
18.234375 17.5 5.625 
21.7734375 17.5 5.625 
18.234375 15.3125 2.75 
21.7734375 15.3125 2.75 
18.234375 15.3125 5.625 
21.7734375 15.3125 5.625 

21.7734375 13.125 2.75 
21.7734375 13.125 5.625 
21.7734375 15.3125 2.75 
21.7734375 15.3125 5.625 
20.00390625 13.125 2.75 
20.00390625 13.125 5.625 
20.00390625 15.3125 2.75 
20.00390625 15.3125 5.625 

18.234375 13.125 2.75 
18.234375 13.125 5.625 
18.234375 15.3125 2.75 
18.234375 15.3125 5.625 
20.00390625 13.125 2.75 
20.00390625 13.125 5.625 
20.00390625 15.3125 2.75 
20.00390625 15.3125 5.625 

25.3125 17.5 2.75 
21.7734375 17.5 2.75 
25.3125 17.5 5.625 
21.7734375 17.5 5.625 
25.3125 15.3125 2.75 
21.7734375 15.3125 2.75 
25.3125 15.3125 5.625 
21.7734375 15.3125 5.625 

25.3125 13.125 2.75 
25.3125 13.125 5.625 
25.3125 15.3125 2.75 
25.3125 15.3125 5.625 
23.54296875 13.125 2.75 
23.54296875 13.125 5.625 
23.54296875 15.3125 2.75 
23.54296875 15.3125 5.625 

21.7734375 13.125 2.75 
21.7734375 13.125 5.625 
21.7734375 15.3125 2.75 
21.7734375 15.3125 5.625 
23.54296875 13.125 2.75 
23.54296875 13.125 5.625 
23.54296875 15.3125 2.75 
23.54296875 15.3125 5.625 

53.625 17.5 8.5 
53.625 17.5 2.75 
53.625 13.125 8.5 
53.625 13.125 2.75 
50.0859375 17.5 8.5 
50.0859375 17.5 2.75 
50.0859375 13.125 8.5 
50.0859375 13.125 2.75 

39.46875 17.5 8.5 
39.46875 13.125 8.5 
35.9296875 17.5 8.5 
35.9296875 13.125 8.5 
39.46875 17.5 5.625 
39.46875 13.125 5.625 
35.9296875 17.5 5.625 
35.9296875 13.125 5.625 

25.3125 0 8.5 
25.3125 0 -3 
39.46875 0 8.5 
39.46875 0 -3 
25.3125 8.75 8.5 
25.3125 8.75 -3 
39.46875 8.75 8.5 
39.46875 8.75 -3 

32.390625 17.5 8.5 
32.390625 13.125 8.5 
28.8515625 17.5 8.5 
28.8515625 13.125 8.5 
32.390625 17.5 5.625 
32.390625 13.125 5.625 
28.8515625 17.5 5.625 
28.8515625 13.125 5.625 

25.3125 17.5 -3 
25.3125 8.75 -3 
32.390625 17.5 -3 
32.390625 8.75 -3 
25.3125 17.5 2.75 
25.3125 8.75 2.75 
32.390625 17.5 2.75 
32.390625 8.75 2.75 

32.390625 8.75 8.5 
32.390625 8.75 2.75 
32.390625 13.125 8.5 
32.390625 13.125 2.75 
28.8515625 8.75 8.5 
28.8515625 8.75 2.75 
28.8515625 13.125 8.5 
28.8515625 13.125 2.75 

25.3125 8.75 8.5 
25.3125 13.125 8.5 
28.8515625 8.75 8.5 
28.8515625 13.125 8.5 
25.3125 8.75 5.625 
25.3125 13.125 5.625 
28.8515625 8.75 5.625 
28.8515625 13.125 5.625 

28.8515625 13.125 2.75 
28.8515625 13.125 5.625 
28.8515625 10.9375 2.75 
28.8515625 10.9375 5.625 
27.08203125 13.125 2.75 
27.08203125 13.125 5.625 
27.08203125 10.9375 2.75 
27.08203125 10.9375 5.625 

25.3125 8.75 2.75 
28.8515625 8.75 2.75 
25.3125 8.75 5.625 
28.8515625 8.75 5.625 
25.3125 10.9375 2.75 
28.8515625 10.9375 2.75 
25.3125 10.9375 5.625 
28.8515625 10.9375 5.625 

25.3125 13.125 2.75 
25.3125 13.125 5.625 
25.3125 10.9375 2.75 
25.3125 10.9375 5.625 
27.08203125 13.125 2.75 
27.08203125 13.125 5.625 
27.08203125 10.9375 2.75 
27.08203125 10.9375 5.625 

25.3125 17.5 8.5 
25.3125 13.125 8.5 
28.8515625 17.5 8.5 
28.8515625 13.125 8.5 
25.3125 17.5 5.625 
25.3125 13.125 5.625 
28.8515625 17.5 5.625 
28.8515625 13.125 5.625 

28.8515625 17.5 2.75 
28.8515625 17.5 5.625 
28.8515625 15.3125 2.75 
28.8515625 15.3125 5.625 
27.08203125 17.5 2.75 
27.08203125 17.5 5.625 
27.08203125 15.3125 2.75 
27.08203125 15.3125 5.625 

28.8515625 13.125 2.75 
28.8515625 13.125 5.625 
28.8515625 15.3125 2.75 
28.8515625 15.3125 5.625 
27.08203125 13.125 2.75 
27.08203125 13.125 5.625 
27.08203125 15.3125 2.75 
27.08203125 15.3125 5.625 

25.3125 13.125 2.75 
25.3125 13.125 5.625 
25.3125 15.3125 2.75 
25.3125 15.3125 5.625 
27.08203125 13.125 2.75 
27.08203125 13.125 5.625 
27.08203125 15.3125 2.75 
27.08203125 15.3125 5.625 

32.390625 17.5 2.75 
32.390625 17.5 5.625 
32.390625 15.3125 2.75 
32.390625 15.3125 5.625 
30.62109375 17.5 2.75 
30.62109375 17.5 5.625 
30.62109375 15.3125 2.75 
30.62109375 15.3125 5.625 

32.390625 13.125 2.75 
32.390625 13.125 5.625 
32.390625 15.3125 2.75 
32.390625 15.3125 5.625 
30.62109375 13.125 2.75 
30.62109375 13.125 5.625 
30.62109375 15.3125 2.75 
30.62109375 15.3125 5.625 

28.8515625 13.125 2.75 
28.8515625 13.125 5.625 
28.8515625 15.3125 2.75 
28.8515625 15.3125 5.625 
30.62109375 13.125 2.75 
30.62109375 13.125 5.625 
30.62109375 15.3125 2.75 
30.62109375 15.3125 5.625 

25.3125 17.5 2.75 
25.3125 17.5 5.625 
25.3125 15.3125 2.75 
25.3125 15.3125 5.625 
27.08203125 17.5 2.75 
27.08203125 17.5 5.625 
27.08203125 15.3125 2.75 
27.08203125 15.3125 5.625 

28.8515625 17.5 2.75 
28.8515625 17.5 5.625 
28.8515625 15.3125 2.75 
28.8515625 15.3125 5.625 
30.62109375 17.5 2.75 
30.62109375 17.5 5.625 
30.62109375 15.3125 2.75 
30.62109375 15.3125 5.625 

39.46875 17.5 -3 
39.46875 8.75 -3 
32.390625 17.5 -3 
32.390625 8.75 -3 
39.46875 17.5 2.75 
39.46875 8.75 2.75 
32.390625 17.5 2.75 
32.390625 8.75 2.75 

39.46875 8.75 8.5 
32.390625 8.75 8.5 
39.46875 8.75 2.75 
32.390625 8.75 2.75 
39.46875 13.125 8.5 
32.390625 13.125 8.5 
39.46875 13.125 2.75 
32.390625 13.125 2.75 

32.390625 17.5 8.5 
32.390625 13.125 8.5 
35.9296875 17.5 8.5 
35.9296875 13.125 8.5 
32.390625 17.5 5.625 
32.390625 13.125 5.625 
35.9296875 17.5 5.625 
35.9296875 13.125 5.625 

35.9296875 17.5 2.75 
35.9296875 17.5 5.625 
35.9296875 15.3125 2.75 
35.9296875 15.3125 5.625 
34.16015625 17.5 2.75 
34.16015625 17.5 5.625 
34.16015625 15.3125 2.75 
34.16015625 15.3125 5.625 

35.9296875 13.125 2.75 
35.9296875 13.125 5.625 
35.9296875 15.3125 2.75 
35.9296875 15.3125 5.625 
34.16015625 13.125 2.75 
34.16015625 13.125 5.625 
34.16015625 15.3125 2.75 
34.16015625 15.3125 5.625 

32.390625 13.125 2.75 
32.390625 13.125 5.625 
32.390625 15.3125 2.75 
32.390625 15.3125 5.625 
34.16015625 13.125 2.75 
34.16015625 13.125 5.625 
34.16015625 15.3125 2.75 
34.16015625 15.3125 5.625 

32.390625 17.5 2.75 
32.390625 17.5 5.625 
32.390625 15.3125 2.75 
32.390625 15.3125 5.625 
34.16015625 17.5 2.75 
34.16015625 17.5 5.625 
34.16015625 15.3125 2.75 
34.16015625 15.3125 5.625 

39.46875 17.5 2.75 
39.46875 17.5 5.625 
39.46875 15.3125 2.75 
39.46875 15.3125 5.625 
37.69921875 17.5 2.75 
37.69921875 17.5 5.625 
37.69921875 15.3125 2.75 
37.69921875 15.3125 5.625 

39.46875 13.125 2.75 
39.46875 13.125 5.625 
39.46875 15.3125 2.75 
39.46875 15.3125 5.625 
37.69921875 13.125 2.75 
37.69921875 13.125 5.625 
37.69921875 15.3125 2.75 
37.69921875 15.3125 5.625 

35.9296875 13.125 2.75 
35.9296875 13.125 5.625 
35.9296875 15.3125 2.75 
35.9296875 15.3125 5.625 
37.69921875 13.125 2.75 
37.69921875 13.125 5.625 
37.69921875 15.3125 2.75 
37.69921875 15.3125 5.625 

35.9296875 17.5 2.75 
35.9296875 17.5 5.625 
35.9296875 15.3125 2.75 
35.9296875 15.3125 5.625 
37.69921875 17.5 2.75 
37.69921875 17.5 5.625 
37.69921875 15.3125 2.75 
37.69921875 15.3125 5.625 

53.625 0 8.5 
53.625 0 -3 
39.46875 0 8.5 
39.46875 0 -3 
53.625 8.75 8.5 
53.625 8.75 -3 
39.46875 8.75 8.5 
39.46875 8.75 -3 

46.546875 17.5 8.5 
46.546875 13.125 8.5 
43.0078125 17.5 8.5 
43.0078125 13.125 8.5 
46.546875 17.5 5.625 
46.546875 13.125 5.625 
43.0078125 17.5 5.625 
43.0078125 13.125 5.625 

39.46875 17.5 -3 
39.46875 8.75 -3 
46.546875 17.5 -3 
46.546875 8.75 -3 
39.46875 17.5 2.75 
39.46875 8.75 2.75 
46.546875 17.5 2.75 
46.546875 8.75 2.75 

39.46875 8.75 8.5 
46.546875 8.75 8.5 
39.46875 8.75 2.75 
46.546875 8.75 2.75 
39.46875 13.125 8.5 
46.546875 13.125 8.5 
39.46875 13.125 2.75 
46.546875 13.125 2.75 

39.46875 17.5 8.5 
39.46875 13.125 8.5 
43.0078125 17.5 8.5 
43.0078125 13.125 8.5 
39.46875 17.5 5.625 
39.46875 13.125 5.625 
43.0078125 17.5 5.625 
43.0078125 13.125 5.625 

43.0078125 17.5 2.75 
43.0078125 17.5 5.625 
43.0078125 15.3125 2.75 
43.0078125 15.3125 5.625 
41.23828125 17.5 2.75 
41.23828125 17.5 5.625 
41.23828125 15.3125 2.75 
41.23828125 15.3125 5.625 

39.46875 13.125 2.75 
43.0078125 13.125 2.75 
39.46875 13.125 5.625 
43.0078125 13.125 5.625 
39.46875 15.3125 2.75 
43.0078125 15.3125 2.75 
39.46875 15.3125 5.625 
43.0078125 15.3125 5.625 

39.46875 17.5 2.75 
39.46875 17.5 5.625 
39.46875 15.3125 2.75 
39.46875 15.3125 5.625 
41.23828125 17.5 2.75 
41.23828125 17.5 5.625 
41.23828125 15.3125 2.75 
41.23828125 15.3125 5.625 

25.3125 35 8.5 
25.3125 35 -3 
39.46875 35 8.5 
39.46875 35 -3 
25.3125 26.25 8.5 
25.3125 26.25 -3 
39.46875 26.25 8.5 
39.46875 26.25 -3 

39.46875 26.25 8.5 
32.390625 26.25 8.5 
39.46875 26.25 2.75 
32.390625 26.25 2.75 
39.46875 21.875 8.5 
32.390625 21.875 8.5 
39.46875 21.875 2.75 
32.390625 21.875 2.75 

25.3125 17.5 8.5 
25.3125 17.5 -3 
25.3125 26.25 8.5 
25.3125 26.25 -3 
32.390625 17.5 8.5 
32.390625 17.5 -3 
32.390625 26.25 8.5 
32.390625 26.25 -3 

39.46875 17.5 -3 
39.46875 26.25 -3 
32.390625 17.5 -3 
32.390625 26.25 -3 
39.46875 17.5 2.75 
39.46875 26.25 2.75 
32.390625 17.5 2.75 
32.390625 26.25 2.75 

39.46875 17.5 8.5 
39.46875 21.875 8.5 
35.9296875 17.5 8.5 
35.9296875 21.875 8.5 
39.46875 17.5 5.625 
39.46875 21.875 5.625 
35.9296875 17.5 5.625 
35.9296875 21.875 5.625 

32.390625 17.5 8.5 
32.390625 17.5 2.75 
32.390625 21.875 8.5 
32.390625 21.875 2.75 
35.9296875 17.5 8.5 
35.9296875 17.5 2.75 
35.9296875 21.875 8.5 
35.9296875 21.875 2.75 

39.46875 21.875 2.75 
35.9296875 21.875 2.75 
39.46875 21.875 5.625 
35.9296875 21.875 5.625 
39.46875 19.6875 2.75 
35.9296875 19.6875 2.75 
39.46875 19.6875 5.625 
35.9296875 19.6875 5.625 

39.46875 17.5 2.75 
39.46875 17.5 5.625 
39.46875 19.6875 2.75 
39.46875 19.6875 5.625 
37.69921875 17.5 2.75 
37.69921875 17.5 5.625 
37.69921875 19.6875 2.75 
37.69921875 19.6875 5.625 

35.9296875 17.5 2.75 
35.9296875 17.5 5.625 
35.9296875 19.6875 2.75 
35.9296875 19.6875 5.625 
37.69921875 17.5 2.75 
37.69921875 17.5 5.625 
37.69921875 19.6875 2.75 
37.69921875 19.6875 5.625 

53.625 26.25 8.5 
46.546875 26.25 8.5 
53.625 26.25 2.75 
46.546875 26.25 2.75 
53.625 21.875 8.5 
46.546875 21.875 8.5 
53.625 21.875 2.75 
46.546875 21.875 2.75 

39.46875 26.25 8.5 
46.546875 26.25 8.5 
39.46875 26.25 2.75 
46.546875 26.25 2.75 
39.46875 21.875 8.5 
46.546875 21.875 8.5 
39.46875 21.875 2.75 
46.546875 21.875 2.75 

39.46875 17.5 -3 
39.46875 26.25 -3 
46.546875 17.5 -3 
46.546875 26.25 -3 
39.46875 17.5 2.75 
39.46875 26.25 2.75 
46.546875 17.5 2.75 
46.546875 26.25 2.75 

46.546875 17.5 8.5 
46.546875 21.875 8.5 
43.0078125 17.5 8.5 
43.0078125 21.875 8.5 
46.546875 17.5 5.625 
46.546875 21.875 5.625 
43.0078125 17.5 5.625 
43.0078125 21.875 5.625 

39.46875 17.5 8.5 
39.46875 21.875 8.5 
43.0078125 17.5 8.5 
43.0078125 21.875 8.5 
39.46875 17.5 5.625 
39.46875 21.875 5.625 
43.0078125 17.5 5.625 
43.0078125 21.875 5.625 

39.46875 21.875 2.75 
43.0078125 21.875 2.75 
39.46875 21.875 5.625 
43.0078125 21.875 5.625 
39.46875 19.6875 2.75 
43.0078125 19.6875 2.75 
39.46875 19.6875 5.625 
43.0078125 19.6875 5.625 

43.0078125 17.5 2.75 
43.0078125 17.5 5.625 
43.0078125 19.6875 2.75 
43.0078125 19.6875 5.625 
41.23828125 17.5 2.75 
41.23828125 17.5 5.625 
41.23828125 19.6875 2.75 
41.23828125 19.6875 5.625 

39.46875 17.5 2.75 
39.46875 17.5 5.625 
39.46875 19.6875 2.75 
39.46875 19.6875 5.625 
41.23828125 17.5 2.75 
41.23828125 17.5 5.625 
41.23828125 19.6875 2.75 
41.23828125 19.6875 5.625 

46.546875 17.5 2.75 
46.546875 17.5 5.625 
46.546875 15.3125 2.75 
46.546875 15.3125 5.625 
44.77734375 17.5 2.75 
44.77734375 17.5 5.625 
44.77734375 15.3125 2.75 
44.77734375 15.3125 5.625 

46.546875 13.125 2.75 
43.0078125 13.125 2.75 
46.546875 13.125 5.625 
43.0078125 13.125 5.625 
46.546875 15.3125 2.75 
43.0078125 15.3125 2.75 
46.546875 15.3125 5.625 
43.0078125 15.3125 5.625 

43.0078125 17.5 2.75 
43.0078125 17.5 5.625 
43.0078125 15.3125 2.75 
43.0078125 15.3125 5.625 
44.77734375 17.5 2.75 
44.77734375 17.5 5.625 
44.77734375 15.3125 2.75 
44.77734375 15.3125 5.625 

46.546875 21.875 2.75 
43.0078125 21.875 2.75 
46.546875 21.875 5.625 
43.0078125 21.875 5.625 
46.546875 19.6875 2.75 
43.0078125 19.6875 2.75 
46.546875 19.6875 5.625 
43.0078125 19.6875 5.625 

46.546875 17.5 2.75 
46.546875 17.5 5.625 
46.546875 19.6875 2.75 
46.546875 19.6875 5.625 
44.77734375 17.5 2.75 
44.77734375 17.5 5.625 
44.77734375 19.6875 2.75 
44.77734375 19.6875 5.625 

43.0078125 17.5 2.75 
43.0078125 17.5 5.625 
43.0078125 19.6875 2.75 
43.0078125 19.6875 5.625 
44.77734375 17.5 2.75 
44.77734375 17.5 5.625 
44.77734375 19.6875 2.75 
44.77734375 19.6875 5.625 

53.625 17.5 -3 
53.625 8.75 -3 
46.546875 17.5 -3 
46.546875 8.75 -3 
53.625 17.5 2.75 
53.625 8.75 2.75 
46.546875 17.5 2.75 
46.546875 8.75 2.75 

53.625 8.75 8.5 
46.546875 8.75 8.5 
53.625 8.75 2.75 
46.546875 8.75 2.75 
53.625 13.125 8.5 
46.546875 13.125 8.5 
53.625 13.125 2.75 
46.546875 13.125 2.75 

46.546875 17.5 8.5 
46.546875 13.125 8.5 
50.0859375 17.5 8.5 
50.0859375 13.125 8.5 
46.546875 17.5 5.625 
46.546875 13.125 5.625 
50.0859375 17.5 5.625 
50.0859375 13.125 5.625 

50.0859375 17.5 2.75 
50.0859375 17.5 5.625 
50.0859375 15.3125 2.75 
50.0859375 15.3125 5.625 
48.31640625 17.5 2.75 
48.31640625 17.5 5.625 
48.31640625 15.3125 2.75 
48.31640625 15.3125 5.625 

46.546875 13.125 2.75 
50.0859375 13.125 2.75 
46.546875 13.125 5.625 
50.0859375 13.125 5.625 
46.546875 15.3125 2.75 
50.0859375 15.3125 2.75 
46.546875 15.3125 5.625 
50.0859375 15.3125 5.625 

46.546875 17.5 2.75 
46.546875 17.5 5.625 
46.546875 15.3125 2.75 
46.546875 15.3125 5.625 
48.31640625 17.5 2.75 
48.31640625 17.5 5.625 
48.31640625 15.3125 2.75 
48.31640625 15.3125 5.625 

53.625 17.5 -3 
53.625 26.25 -3 
46.546875 17.5 -3 
46.546875 26.25 -3 
53.625 17.5 2.75 
53.625 26.25 2.75 
46.546875 17.5 2.75 
46.546875 26.25 2.75 

53.625 21.875 8.5 
53.625 21.875 5.625 
53.625 19.6875 8.5 
53.625 19.6875 5.625 
51.85546875 21.875 8.5 
51.85546875 21.875 5.625 
51.85546875 19.6875 8.5 
51.85546875 19.6875 5.625 

50.0859375 21.875 8.5 
50.0859375 21.875 5.625 
50.0859375 19.6875 8.5 
50.0859375 19.6875 5.625 
48.31640625 21.875 8.5 
48.31640625 21.875 5.625 
48.31640625 19.6875 8.5 
48.31640625 19.6875 5.625 

50.0859375 21.875 2.75 
50.0859375 21.875 5.625 
50.0859375 19.6875 2.75 
50.0859375 19.6875 5.625 
48.31640625 21.875 2.75 
48.31640625 21.875 5.625 
48.31640625 19.6875 2.75 
48.31640625 19.6875 5.625 

50.0859375 17.5 2.75 
50.0859375 17.5 5.625 
50.0859375 19.6875 2.75 
50.0859375 19.6875 5.625 
48.31640625 17.5 2.75 
48.31640625 17.5 5.625 
48.31640625 19.6875 2.75 
48.31640625 19.6875 5.625 

46.546875 17.5 2.75 
46.546875 17.5 5.625 
46.546875 19.6875 2.75 
46.546875 19.6875 5.625 
48.31640625 17.5 2.75 
48.31640625 17.5 5.625 
48.31640625 19.6875 2.75 
48.31640625 19.6875 5.625 

53.625 21.875 2.75 
53.625 21.875 5.625 
53.625 19.6875 2.75 
53.625 19.6875 5.625 
51.85546875 21.875 2.75 
51.85546875 21.875 5.625 
51.85546875 19.6875 2.75 
51.85546875 19.6875 5.625 

53.625 17.5 2.75 
53.625 17.5 5.625 
53.625 19.6875 2.75 
53.625 19.6875 5.625 
51.85546875 17.5 2.75 
51.85546875 17.5 5.625 
51.85546875 19.6875 2.75 
51.85546875 19.6875 5.625 

50.0859375 17.5 2.75 
50.0859375 17.5 5.625 
50.0859375 19.6875 2.75 
50.0859375 19.6875 5.625 
51.85546875 17.5 2.75 
51.85546875 17.5 5.625 
51.85546875 19.6875 2.75 
51.85546875 19.6875 5.625 

53.625 17.5 8.5 
53.625 17.5 5.625 
53.625 19.6875 8.5 
53.625 19.6875 5.625 
51.85546875 17.5 8.5 
51.85546875 17.5 5.625 
51.85546875 19.6875 8.5 
51.85546875 19.6875 5.625 

50.0859375 17.5 8.5 
50.0859375 17.5 5.625 
50.0859375 19.6875 8.5 
50.0859375 19.6875 5.625 
51.85546875 17.5 8.5 
51.85546875 17.5 5.625 
51.85546875 19.6875 8.5 
51.85546875 19.6875 5.625 

50.0859375 21.875 8.5 
50.0859375 21.875 5.625 
50.0859375 19.6875 8.5 
50.0859375 19.6875 5.625 
51.85546875 21.875 8.5 
51.85546875 21.875 5.625 
51.85546875 19.6875 8.5 
51.85546875 19.6875 5.625 

50.0859375 17.5 8.5 
50.0859375 17.5 5.625 
50.0859375 19.6875 8.5 
50.0859375 19.6875 5.625 
48.31640625 17.5 8.5 
48.31640625 17.5 5.625 
48.31640625 19.6875 8.5 
48.31640625 19.6875 5.625 

46.546875 17.5 8.5 
46.546875 17.5 5.625 
46.546875 19.6875 8.5 
46.546875 19.6875 5.625 
48.31640625 17.5 8.5 
48.31640625 17.5 5.625 
48.31640625 19.6875 8.5 
48.31640625 19.6875 5.625 

46.546875 21.875 8.5 
46.546875 21.875 5.625 
46.546875 19.6875 8.5 
46.546875 19.6875 5.625 
48.31640625 21.875 8.5 
48.31640625 21.875 5.625 
48.31640625 19.6875 8.5 
48.31640625 19.6875 5.625 

46.546875 21.875 2.75 
46.546875 21.875 5.625 
46.546875 19.6875 2.75 
46.546875 19.6875 5.625 
48.31640625 21.875 2.75 
48.31640625 21.875 5.625 
48.31640625 19.6875 2.75 
48.31640625 19.6875 5.625 

50.0859375 21.875 2.75 
50.0859375 21.875 5.625 
50.0859375 19.6875 2.75 
50.0859375 19.6875 5.625 
51.85546875 21.875 2.75 
51.85546875 21.875 5.625 
51.85546875 19.6875 2.75 
51.85546875 19.6875 5.625 

81.9375 35 8.5 
81.9375 35 -3 
67.78125 35 8.5 
67.78125 35 -3 
81.9375 26.25 8.5 
81.9375 26.25 -3 
67.78125 26.25 8.5 
67.78125 26.25 -3 

53.625 0 8.5 
53.625 0 -3 
81.9375 0 8.5 
81.9375 0 -3 
53.625 17.5 8.5 
53.625 17.5 -3 
81.9375 17.5 8.5 
81.9375 17.5 -3 

53.625 35 8.5 
53.625 35 -3 
67.78125 35 8.5 
67.78125 35 -3 
53.625 26.25 8.5 
53.625 26.25 -3 
67.78125 26.25 8.5 
67.78125 26.25 -3 

67.78125 26.25 8.5 
64.2421875 26.25 8.5 
67.78125 26.25 5.625 
64.2421875 26.25 5.625 
67.78125 24.0625 8.5 
64.2421875 24.0625 8.5 
67.78125 24.0625 5.625 
64.2421875 24.0625 5.625 

53.625 26.25 8.5 
60.703125 26.25 8.5 
53.625 26.25 2.75 
60.703125 26.25 2.75 
53.625 21.875 8.5 
60.703125 21.875 8.5 
53.625 21.875 2.75 
60.703125 21.875 2.75 

53.625 17.5 -3 
53.625 26.25 -3 
60.703125 17.5 -3 
60.703125 26.25 -3 
53.625 17.5 2.75 
53.625 26.25 2.75 
60.703125 17.5 2.75 
60.703125 26.25 2.75 

60.703125 21.875 8.5 
60.703125 21.875 5.625 
60.703125 19.6875 8.5 
60.703125 19.6875 5.625 
58.93359375 21.875 8.5 
58.93359375 21.875 5.625 
58.93359375 19.6875 8.5 
58.93359375 19.6875 5.625 

57.1640625 21.875 8.5 
57.1640625 21.875 5.625 
57.1640625 19.6875 8.5 
57.1640625 19.6875 5.625 
55.39453125 21.875 8.5 
55.39453125 21.875 5.625 
55.39453125 19.6875 8.5 
55.39453125 19.6875 5.625 

57.1640625 21.875 2.75 
57.1640625 21.875 5.625 
57.1640625 19.6875 2.75 
57.1640625 19.6875 5.625 
55.39453125 21.875 2.75 
55.39453125 21.875 5.625 
55.39453125 19.6875 2.75 
55.39453125 19.6875 5.625 

57.1640625 17.5 2.75 
57.1640625 17.5 5.625 
57.1640625 19.6875 2.75 
57.1640625 19.6875 5.625 
55.39453125 17.5 2.75 
55.39453125 17.5 5.625 
55.39453125 19.6875 2.75 
55.39453125 19.6875 5.625 

53.625 17.5 2.75 
53.625 17.5 5.625 
53.625 19.6875 2.75 
53.625 19.6875 5.625 
55.39453125 17.5 2.75 
55.39453125 17.5 5.625 
55.39453125 19.6875 2.75 
55.39453125 19.6875 5.625 

57.1640625 17.5 8.5 
57.1640625 17.5 5.625 
57.1640625 19.6875 8.5 
57.1640625 19.6875 5.625 
55.39453125 17.5 8.5 
55.39453125 17.5 5.625 
55.39453125 19.6875 8.5 
55.39453125 19.6875 5.625 

53.625 17.5 8.5 
53.625 17.5 5.625 
53.625 19.6875 8.5 
53.625 19.6875 5.625 
55.39453125 17.5 8.5 
55.39453125 17.5 5.625 
55.39453125 19.6875 8.5 
55.39453125 19.6875 5.625 

53.625 21.875 8.5 
53.625 21.875 5.625 
53.625 19.6875 8.5 
53.625 19.6875 5.625 
55.39453125 21.875 8.5 
55.39453125 21.875 5.625 
55.39453125 19.6875 8.5 
55.39453125 19.6875 5.625 

53.625 21.875 2.75 
53.625 21.875 5.625 
53.625 19.6875 2.75 
53.625 19.6875 5.625 
55.39453125 21.875 2.75 
55.39453125 21.875 5.625 
55.39453125 19.6875 2.75 
55.39453125 19.6875 5.625 

60.703125 21.875 2.75 
60.703125 21.875 5.625 
60.703125 19.6875 2.75 
60.703125 19.6875 5.625 
58.93359375 21.875 2.75 
58.93359375 21.875 5.625 
58.93359375 19.6875 2.75 
58.93359375 19.6875 5.625 

60.703125 17.5 2.75 
60.703125 17.5 5.625 
60.703125 19.6875 2.75 
60.703125 19.6875 5.625 
58.93359375 17.5 2.75 
58.93359375 17.5 5.625 
58.93359375 19.6875 2.75 
58.93359375 19.6875 5.625 

57.1640625 17.5 2.75 
57.1640625 17.5 5.625 
57.1640625 19.6875 2.75 
57.1640625 19.6875 5.625 
58.93359375 17.5 2.75 
58.93359375 17.5 5.625 
58.93359375 19.6875 2.75 
58.93359375 19.6875 5.625 

60.703125 17.5 8.5 
60.703125 17.5 5.625 
60.703125 19.6875 8.5 
60.703125 19.6875 5.625 
58.93359375 17.5 8.5 
58.93359375 17.5 5.625 
58.93359375 19.6875 8.5 
58.93359375 19.6875 5.625 

57.1640625 17.5 8.5 
57.1640625 17.5 5.625 
57.1640625 19.6875 8.5 
57.1640625 19.6875 5.625 
58.93359375 17.5 8.5 
58.93359375 17.5 5.625 
58.93359375 19.6875 8.5 
58.93359375 19.6875 5.625 

57.1640625 21.875 8.5 
57.1640625 21.875 5.625 
57.1640625 19.6875 8.5 
57.1640625 19.6875 5.625 
58.93359375 21.875 8.5 
58.93359375 21.875 5.625 
58.93359375 19.6875 8.5 
58.93359375 19.6875 5.625 

57.1640625 21.875 2.75 
57.1640625 21.875 5.625 
57.1640625 19.6875 2.75 
57.1640625 19.6875 5.625 
58.93359375 21.875 2.75 
58.93359375 21.875 5.625 
58.93359375 19.6875 2.75 
58.93359375 19.6875 5.625 

67.78125 17.5 -3 
67.78125 26.25 -3 
60.703125 17.5 -3 
60.703125 26.25 -3 
67.78125 17.5 2.75 
67.78125 26.25 2.75 
60.703125 17.5 2.75 
60.703125 26.25 2.75 

67.78125 21.875 8.5 
67.78125 21.875 5.625 
67.78125 19.6875 8.5 
67.78125 19.6875 5.625 
66.01171875 21.875 8.5 
66.01171875 21.875 5.625 
66.01171875 19.6875 8.5 
66.01171875 19.6875 5.625 

64.2421875 21.875 8.5 
64.2421875 21.875 5.625 
64.2421875 19.6875 8.5 
64.2421875 19.6875 5.625 
62.47265625 21.875 8.5 
62.47265625 21.875 5.625 
62.47265625 19.6875 8.5 
62.47265625 19.6875 5.625 

64.2421875 21.875 2.75 
64.2421875 21.875 5.625 
64.2421875 19.6875 2.75 
64.2421875 19.6875 5.625 
62.47265625 21.875 2.75 
62.47265625 21.875 5.625 
62.47265625 19.6875 2.75 
62.47265625 19.6875 5.625 

64.2421875 17.5 2.75 
64.2421875 17.5 5.625 
64.2421875 19.6875 2.75 
64.2421875 19.6875 5.625 
62.47265625 17.5 2.75 
62.47265625 17.5 5.625 
62.47265625 19.6875 2.75 
62.47265625 19.6875 5.625 

60.703125 17.5 2.75 
60.703125 17.5 5.625 
60.703125 19.6875 2.75 
60.703125 19.6875 5.625 
62.47265625 17.5 2.75 
62.47265625 17.5 5.625 
62.47265625 19.6875 2.75 
62.47265625 19.6875 5.625 

60.703125 21.875 2.75 
60.703125 21.875 5.625 
60.703125 19.6875 2.75 
60.703125 19.6875 5.625 
62.47265625 21.875 2.75 
62.47265625 21.875 5.625 
62.47265625 19.6875 2.75 
62.47265625 19.6875 5.625 

64.2421875 17.5 8.5 
64.2421875 17.5 5.625 
64.2421875 19.6875 8.5 
64.2421875 19.6875 5.625 
62.47265625 17.5 8.5 
62.47265625 17.5 5.625 
62.47265625 19.6875 8.5 
62.47265625 19.6875 5.625 

60.703125 17.5 8.5 
60.703125 17.5 5.625 
60.703125 19.6875 8.5 
60.703125 19.6875 5.625 
62.47265625 17.5 8.5 
62.47265625 17.5 5.625 
62.47265625 19.6875 8.5 
62.47265625 19.6875 5.625 

60.703125 21.875 8.5 
60.703125 21.875 5.625 
60.703125 19.6875 8.5 
60.703125 19.6875 5.625 
62.47265625 21.875 8.5 
62.47265625 21.875 5.625 
62.47265625 19.6875 8.5 
62.47265625 19.6875 5.625 

60.703125 26.25 8.5 
64.2421875 26.25 8.5 
60.703125 26.25 5.625 
64.2421875 26.25 5.625 
60.703125 24.0625 8.5 
64.2421875 24.0625 8.5 
60.703125 24.0625 5.625 
64.2421875 24.0625 5.625 

60.703125 26.25 2.75 
60.703125 21.875 2.75 
64.2421875 26.25 2.75 
64.2421875 21.875 2.75 
60.703125 26.25 5.625 
60.703125 21.875 5.625 
64.2421875 26.25 5.625 
64.2421875 21.875 5.625 

64.2421875 21.875 8.5 
64.2421875 21.875 5.625 
64.2421875 24.0625 8.5 
64.2421875 24.0625 5.625 
62.47265625 21.875 8.5 
62.47265625 21.875 5.625 
62.47265625 24.0625 8.5 
62.47265625 24.0625 5.625 

60.703125 21.875 8.5 
60.703125 21.875 5.625 
60.703125 24.0625 8.5 
60.703125 24.0625 5.625 
62.47265625 21.875 8.5 
62.47265625 21.875 5.625 
62.47265625 24.0625 8.5 
62.47265625 24.0625 5.625 

67.78125 17.5 2.75 
67.78125 21.875 2.75 
64.2421875 17.5 2.75 
64.2421875 21.875 2.75 
67.78125 17.5 5.625 
67.78125 21.875 5.625 
64.2421875 17.5 5.625 
64.2421875 21.875 5.625 

67.78125 17.5 8.5 
64.2421875 17.5 8.5 
67.78125 17.5 5.625 
64.2421875 17.5 5.625 
67.78125 19.6875 8.5 
64.2421875 19.6875 8.5 
67.78125 19.6875 5.625 
64.2421875 19.6875 5.625 

64.2421875 21.875 8.5 
64.2421875 21.875 5.625 
64.2421875 19.6875 8.5 
64.2421875 19.6875 5.625 
66.01171875 21.875 8.5 
66.01171875 21.875 5.625 
66.01171875 19.6875 8.5 
66.01171875 19.6875 5.625 

67.78125 26.25 2.75 
67.78125 21.875 2.75 
64.2421875 26.25 2.75 
64.2421875 21.875 2.75 
67.78125 26.25 5.625 
67.78125 21.875 5.625 
64.2421875 26.25 5.625 
64.2421875 21.875 5.625 

67.78125 21.875 8.5 
67.78125 21.875 5.625 
67.78125 24.0625 8.5 
67.78125 24.0625 5.625 
66.01171875 21.875 8.5 
66.01171875 21.875 5.625 
66.01171875 24.0625 8.5 
66.01171875 24.0625 5.625 

64.2421875 21.875 8.5 
64.2421875 21.875 5.625 
64.2421875 24.0625 8.5 
64.2421875 24.0625 5.625 
66.01171875 21.875 8.5 
66.01171875 21.875 5.625 
66.01171875 24.0625 8.5 
66.01171875 24.0625 5.625 

81.9375 26.25 8.5 
81.9375 26.25 5.625 
81.9375 24.0625 8.5 
81.9375 24.0625 5.625 
80.16796875 26.25 8.5 
80.16796875 26.25 5.625 
80.16796875 24.0625 8.5 
80.16796875 24.0625 5.625 

74.859375 26.25 8.5 
71.3203125 26.25 8.5 
74.859375 26.25 5.625 
71.3203125 26.25 5.625 
74.859375 24.0625 8.5 
71.3203125 24.0625 8.5 
74.859375 24.0625 5.625 
71.3203125 24.0625 5.625 

67.78125 17.5 -3 
67.78125 26.25 -3 
74.859375 17.5 -3 
74.859375 26.25 -3 
67.78125 17.5 2.75 
67.78125 26.25 2.75 
74.859375 17.5 2.75 
74.859375 26.25 2.75 

74.859375 21.875 8.5 
74.859375 21.875 5.625 
74.859375 19.6875 8.5 
74.859375 19.6875 5.625 
73.08984375 21.875 8.5 
73.08984375 21.875 5.625 
73.08984375 19.6875 8.5 
73.08984375 19.6875 5.625 

71.3203125 21.875 8.5 
71.3203125 21.875 5.625 
71.3203125 19.6875 8.5 
71.3203125 19.6875 5.625 
69.55078125 21.875 8.5 
69.55078125 21.875 5.625 
69.55078125 19.6875 8.5 
69.55078125 19.6875 5.625 

67.78125 17.5 2.75 
67.78125 21.875 2.75 
71.3203125 17.5 2.75 
71.3203125 21.875 2.75 
67.78125 17.5 5.625 
67.78125 21.875 5.625 
71.3203125 17.5 5.625 
71.3203125 21.875 5.625 

67.78125 17.5 8.5 
71.3203125 17.5 8.5 
67.78125 17.5 5.625 
71.3203125 17.5 5.625 
67.78125 19.6875 8.5 
71.3203125 19.6875 8.5 
67.78125 19.6875 5.625 
71.3203125 19.6875 5.625 

67.78125 21.875 8.5 
67.78125 21.875 5.625 
67.78125 19.6875 8.5 
67.78125 19.6875 5.625 
69.55078125 21.875 8.5 
69.55078125 21.875 5.625 
69.55078125 19.6875 8.5 
69.55078125 19.6875 5.625 

67.78125 26.25 8.5 
71.3203125 26.25 8.5 
67.78125 26.25 5.625 
71.3203125 26.25 5.625 
67.78125 24.0625 8.5 
71.3203125 24.0625 8.5 
67.78125 24.0625 5.625 
71.3203125 24.0625 5.625 

67.78125 26.25 2.75 
67.78125 21.875 2.75 
71.3203125 26.25 2.75 
71.3203125 21.875 2.75 
67.78125 26.25 5.625 
67.78125 21.875 5.625 
71.3203125 26.25 5.625 
71.3203125 21.875 5.625 

71.3203125 21.875 8.5 
71.3203125 21.875 5.625 
71.3203125 24.0625 8.5 
71.3203125 24.0625 5.625 
69.55078125 21.875 8.5 
69.55078125 21.875 5.625 
69.55078125 24.0625 8.5 
69.55078125 24.0625 5.625 

67.78125 21.875 8.5 
67.78125 21.875 5.625 
67.78125 24.0625 8.5 
67.78125 24.0625 5.625 
69.55078125 21.875 8.5 
69.55078125 21.875 5.625 
69.55078125 24.0625 8.5 
69.55078125 24.0625 5.625 

74.859375 17.5 2.75 
74.859375 21.875 2.75 
71.3203125 17.5 2.75 
71.3203125 21.875 2.75 
74.859375 17.5 5.625 
74.859375 21.875 5.625 
71.3203125 17.5 5.625 
71.3203125 21.875 5.625 

74.859375 17.5 8.5 
71.3203125 17.5 8.5 
74.859375 17.5 5.625 
71.3203125 17.5 5.625 
74.859375 19.6875 8.5 
71.3203125 19.6875 8.5 
74.859375 19.6875 5.625 
71.3203125 19.6875 5.625 

71.3203125 21.875 8.5 
71.3203125 21.875 5.625 
71.3203125 19.6875 8.5 
71.3203125 19.6875 5.625 
73.08984375 21.875 8.5 
73.08984375 21.875 5.625 
73.08984375 19.6875 8.5 
73.08984375 19.6875 5.625 

74.859375 26.25 2.75 
74.859375 21.875 2.75 
71.3203125 26.25 2.75 
71.3203125 21.875 2.75 
74.859375 26.25 5.625 
74.859375 21.875 5.625 
71.3203125 26.25 5.625 
71.3203125 21.875 5.625 

74.859375 21.875 8.5 
74.859375 21.875 5.625 
74.859375 24.0625 8.5 
74.859375 24.0625 5.625 
73.08984375 21.875 8.5 
73.08984375 21.875 5.625 
73.08984375 24.0625 8.5 
73.08984375 24.0625 5.625 

71.3203125 21.875 8.5 
71.3203125 21.875 5.625 
71.3203125 24.0625 8.5 
71.3203125 24.0625 5.625 
73.08984375 21.875 8.5 
73.08984375 21.875 5.625 
73.08984375 24.0625 8.5 
73.08984375 24.0625 5.625 

81.9375 17.5 -3 
81.9375 26.25 -3 
74.859375 17.5 -3 
74.859375 26.25 -3 
81.9375 17.5 2.75 
81.9375 26.25 2.75 
74.859375 17.5 2.75 
74.859375 26.25 2.75 

81.9375 17.5 8.5 
81.9375 17.5 2.75 
81.9375 21.875 8.5 
81.9375 21.875 2.75 
78.3984375 17.5 8.5 
78.3984375 17.5 2.75 
78.3984375 21.875 8.5 
78.3984375 21.875 2.75 

78.3984375 21.875 8.5 
78.3984375 21.875 5.625 
78.3984375 19.6875 8.5 
78.3984375 19.6875 5.625 
76.62890625 21.875 8.5 
76.62890625 21.875 5.625 
76.62890625 19.6875 8.5 
76.62890625 19.6875 5.625 

74.859375 17.5 2.75 
74.859375 21.875 2.75 
78.3984375 17.5 2.75 
78.3984375 21.875 2.75 
74.859375 17.5 5.625 
74.859375 21.875 5.625 
78.3984375 17.5 5.625 
78.3984375 21.875 5.625 

74.859375 17.5 8.5 
78.3984375 17.5 8.5 
74.859375 17.5 5.625 
78.3984375 17.5 5.625 
74.859375 19.6875 8.5 
78.3984375 19.6875 8.5 
74.859375 19.6875 5.625 
78.3984375 19.6875 5.625 

74.859375 21.875 8.5 
74.859375 21.875 5.625 
74.859375 19.6875 8.5 
74.859375 19.6875 5.625 
76.62890625 21.875 8.5 
76.62890625 21.875 5.625 
76.62890625 19.6875 8.5 
76.62890625 19.6875 5.625 

78.3984375 26.25 8.5 
78.3984375 26.25 5.625 
78.3984375 24.0625 8.5 
78.3984375 24.0625 5.625 
76.62890625 26.25 8.5 
76.62890625 26.25 5.625 
76.62890625 24.0625 8.5 
76.62890625 24.0625 5.625 

74.859375 26.25 2.75 
74.859375 21.875 2.75 
78.3984375 26.25 2.75 
78.3984375 21.875 2.75 
74.859375 26.25 5.625 
74.859375 21.875 5.625 
78.3984375 26.25 5.625 
78.3984375 21.875 5.625 

78.3984375 21.875 8.5 
78.3984375 21.875 5.625 
78.3984375 24.0625 8.5 
78.3984375 24.0625 5.625 
76.62890625 21.875 8.5 
76.62890625 21.875 5.625 
76.62890625 24.0625 8.5 
76.62890625 24.0625 5.625 

74.859375 21.875 8.5 
74.859375 21.875 5.625 
74.859375 24.0625 8.5 
74.859375 24.0625 5.625 
76.62890625 21.875 8.5 
76.62890625 21.875 5.625 
76.62890625 24.0625 8.5 
76.62890625 24.0625 5.625 

74.859375 26.25 8.5 
74.859375 26.25 5.625 
74.859375 24.0625 8.5 
74.859375 24.0625 5.625 
76.62890625 26.25 8.5 
76.62890625 26.25 5.625 
76.62890625 24.0625 8.5 
76.62890625 24.0625 5.625 

81.9375 26.25 2.75 
81.9375 21.875 2.75 
78.3984375 26.25 2.75 
78.3984375 21.875 2.75 
81.9375 26.25 5.625 
81.9375 21.875 5.625 
78.3984375 26.25 5.625 
78.3984375 21.875 5.625 

81.9375 21.875 8.5 
81.9375 21.875 5.625 
81.9375 24.0625 8.5 
81.9375 24.0625 5.625 
80.16796875 21.875 8.5 
80.16796875 21.875 5.625 
80.16796875 24.0625 8.5 
80.16796875 24.0625 5.625 

78.3984375 21.875 8.5 
78.3984375 21.875 5.625 
78.3984375 24.0625 8.5 
78.3984375 24.0625 5.625 
80.16796875 21.875 8.5 
80.16796875 21.875 5.625 
80.16796875 24.0625 8.5 
80.16796875 24.0625 5.625 

78.3984375 26.25 8.5 
78.3984375 26.25 5.625 
78.3984375 24.0625 8.5 
78.3984375 24.0625 5.625 
80.16796875 26.25 8.5 
80.16796875 26.25 5.625 
80.16796875 24.0625 8.5 
80.16796875 24.0625 5.625 

110.25 0 8.5 
110.25 0 -3 
81.9375 0 8.5 
81.9375 0 -3 
110.25 17.5 8.5 
110.25 17.5 -3 
81.9375 17.5 8.5 
81.9375 17.5 -3 

96.09375 35 8.5 
89.015625 35 8.5 
96.09375 35 2.75 
89.015625 35 2.75 
96.09375 30.625 8.5 
89.015625 30.625 8.5 
96.09375 30.625 2.75 
89.015625 30.625 2.75 

96.09375 26.25 8.5 
96.09375 26.25 5.625 
96.09375 24.0625 8.5 
96.09375 24.0625 5.625 
94.32421875 26.25 8.5 
94.32421875 26.25 5.625 
94.32421875 24.0625 8.5 
94.32421875 24.0625 5.625 

89.015625 26.25 8.5 
89.015625 26.25 5.625 
89.015625 24.0625 8.5 
89.015625 24.0625 5.625 
87.24609375 26.25 8.5 
87.24609375 26.25 5.625 
87.24609375 24.0625 8.5 
87.24609375 24.0625 5.625 

81.9375 17.5 -3 
81.9375 26.25 -3 
89.015625 17.5 -3 
89.015625 26.25 -3 
81.9375 17.5 2.75 
81.9375 26.25 2.75 
89.015625 17.5 2.75 
89.015625 26.25 2.75 

81.9375 17.5 8.5 
89.015625 17.5 8.5 
81.9375 17.5 2.75 
89.015625 17.5 2.75 
81.9375 21.875 8.5 
89.015625 21.875 8.5 
81.9375 21.875 2.75 
89.015625 21.875 2.75 

85.4765625 26.25 8.5 
85.4765625 26.25 5.625 
85.4765625 24.0625 8.5 
85.4765625 24.0625 5.625 
83.70703125 26.25 8.5 
83.70703125 26.25 5.625 
83.70703125 24.0625 8.5 
83.70703125 24.0625 5.625 

81.9375 26.25 2.75 
81.9375 21.875 2.75 
85.4765625 26.25 2.75 
85.4765625 21.875 2.75 
81.9375 26.25 5.625 
81.9375 21.875 5.625 
85.4765625 26.25 5.625 
85.4765625 21.875 5.625 

85.4765625 21.875 8.5 
85.4765625 21.875 5.625 
85.4765625 24.0625 8.5 
85.4765625 24.0625 5.625 
83.70703125 21.875 8.5 
83.70703125 21.875 5.625 
83.70703125 24.0625 8.5 
83.70703125 24.0625 5.625 

81.9375 21.875 8.5 
81.9375 21.875 5.625 
81.9375 24.0625 8.5 
81.9375 24.0625 5.625 
83.70703125 21.875 8.5 
83.70703125 21.875 5.625 
83.70703125 24.0625 8.5 
83.70703125 24.0625 5.625 

81.9375 26.25 8.5 
81.9375 26.25 5.625 
81.9375 24.0625 8.5 
81.9375 24.0625 5.625 
83.70703125 26.25 8.5 
83.70703125 26.25 5.625 
83.70703125 24.0625 8.5 
83.70703125 24.0625 5.625 

89.015625 26.25 2.75 
89.015625 21.875 2.75 
85.4765625 26.25 2.75 
85.4765625 21.875 2.75 
89.015625 26.25 5.625 
89.015625 21.875 5.625 
85.4765625 26.25 5.625 
85.4765625 21.875 5.625 

89.015625 21.875 8.5 
89.015625 21.875 5.625 
89.015625 24.0625 8.5 
89.015625 24.0625 5.625 
87.24609375 21.875 8.5 
87.24609375 21.875 5.625 
87.24609375 24.0625 8.5 
87.24609375 24.0625 5.625 

85.4765625 21.875 8.5 
85.4765625 21.875 5.625 
85.4765625 24.0625 8.5 
85.4765625 24.0625 5.625 
87.24609375 21.875 8.5 
87.24609375 21.875 5.625 
87.24609375 24.0625 8.5 
87.24609375 24.0625 5.625 

85.4765625 26.25 8.5 
85.4765625 26.25 5.625 
85.4765625 24.0625 8.5 
85.4765625 24.0625 5.625 
87.24609375 26.25 8.5 
87.24609375 26.25 5.625 
87.24609375 24.0625 8.5 
87.24609375 24.0625 5.625 

96.09375 17.5 -3 
96.09375 26.25 -3 
89.015625 17.5 -3 
89.015625 26.25 -3 
96.09375 17.5 2.75 
96.09375 26.25 2.75 
89.015625 17.5 2.75 
89.015625 26.25 2.75 

96.09375 17.5 8.5 
89.015625 17.5 8.5 
96.09375 17.5 2.75 
89.015625 17.5 2.75 
96.09375 21.875 8.5 
89.015625 21.875 8.5 
96.09375 21.875 2.75 
89.015625 21.875 2.75 

92.5546875 26.25 8.5 
92.5546875 26.25 5.625 
92.5546875 24.0625 8.5 
92.5546875 24.0625 5.625 
90.78515625 26.25 8.5 
90.78515625 26.25 5.625 
90.78515625 24.0625 8.5 
90.78515625 24.0625 5.625 

89.015625 26.25 2.75 
89.015625 21.875 2.75 
92.5546875 26.25 2.75 
92.5546875 21.875 2.75 
89.015625 26.25 5.625 
89.015625 21.875 5.625 
92.5546875 26.25 5.625 
92.5546875 21.875 5.625 

92.5546875 21.875 8.5 
92.5546875 21.875 5.625 
92.5546875 24.0625 8.5 
92.5546875 24.0625 5.625 
90.78515625 21.875 8.5 
90.78515625 21.875 5.625 
90.78515625 24.0625 8.5 
90.78515625 24.0625 5.625 

89.015625 21.875 8.5 
89.015625 21.875 5.625 
89.015625 24.0625 8.5 
89.015625 24.0625 5.625 
90.78515625 21.875 8.5 
90.78515625 21.875 5.625 
90.78515625 24.0625 8.5 
90.78515625 24.0625 5.625 

89.015625 26.25 8.5 
89.015625 26.25 5.625 
89.015625 24.0625 8.5 
89.015625 24.0625 5.625 
90.78515625 26.25 8.5 
90.78515625 26.25 5.625 
90.78515625 24.0625 8.5 
90.78515625 24.0625 5.625 

81.9375 35 8.5 
81.9375 35 -3 
81.9375 26.25 8.5 
81.9375 26.25 -3 
89.015625 35 8.5 
89.015625 35 -3 
89.015625 26.25 8.5 
89.015625 26.25 -3 

96.09375 35 -3 
96.09375 26.25 -3 
89.015625 35 -3 
89.015625 26.25 -3 
96.09375 35 2.75 
96.09375 26.25 2.75 
89.015625 35 2.75 
89.015625 26.25 2.75 

96.09375 30.625 8.5 
92.5546875 30.625 8.5 
96.09375 30.625 5.625 
92.5546875 30.625 5.625 
96.09375 28.4375 8.5 
92.5546875 28.4375 8.5 
96.09375 28.4375 5.625 
92.5546875 28.4375 5.625 

89.015625 30.625 8.5 
92.5546875 30.625 8.5 
89.015625 30.625 5.625 
92.5546875 30.625 5.625 
89.015625 28.4375 8.5 
92.5546875 28.4375 8.5 
89.015625 28.4375 5.625 
92.5546875 28.4375 5.625 

89.015625 26.25 2.75 
89.015625 30.625 2.75 
92.5546875 26.25 2.75 
92.5546875 30.625 2.75 
89.015625 26.25 5.625 
89.015625 30.625 5.625 
92.5546875 26.25 5.625 
92.5546875 30.625 5.625 

92.5546875 26.25 8.5 
92.5546875 26.25 5.625 
92.5546875 28.4375 8.5 
92.5546875 28.4375 5.625 
90.78515625 26.25 8.5 
90.78515625 26.25 5.625 
90.78515625 28.4375 8.5 
90.78515625 28.4375 5.625 

89.015625 26.25 8.5 
89.015625 26.25 5.625 
89.015625 28.4375 8.5 
89.015625 28.4375 5.625 
90.78515625 26.25 8.5 
90.78515625 26.25 5.625 
90.78515625 28.4375 8.5 
90.78515625 28.4375 5.625 

96.09375 26.25 2.75 
96.09375 21.875 2.75 
92.5546875 26.25 2.75 
92.5546875 21.875 2.75 
96.09375 26.25 5.625 
96.09375 21.875 5.625 
92.5546875 26.25 5.625 
92.5546875 21.875 5.625 

96.09375 21.875 8.5 
92.5546875 21.875 8.5 
96.09375 21.875 5.625 
92.5546875 21.875 5.625 
96.09375 24.0625 8.5 
92.5546875 24.0625 8.5 
96.09375 24.0625 5.625 
92.5546875 24.0625 5.625 

92.5546875 26.25 8.5 
92.5546875 26.25 5.625 
92.5546875 24.0625 8.5 
92.5546875 24.0625 5.625 
94.32421875 26.25 8.5 
94.32421875 26.25 5.625 
94.32421875 24.0625 8.5 
94.32421875 24.0625 5.625 

96.09375 26.25 2.75 
96.09375 30.625 2.75 
92.5546875 26.25 2.75 
92.5546875 30.625 2.75 
96.09375 26.25 5.625 
96.09375 30.625 5.625 
92.5546875 26.25 5.625 
92.5546875 30.625 5.625 

96.09375 26.25 8.5 
96.09375 26.25 5.625 
96.09375 28.4375 8.5 
96.09375 28.4375 5.625 
94.32421875 26.25 8.5 
94.32421875 26.25 5.625 
94.32421875 28.4375 8.5 
94.32421875 28.4375 5.625 

92.5546875 26.25 8.5 
92.5546875 26.25 5.625 
92.5546875 28.4375 8.5 
92.5546875 28.4375 5.625 
94.32421875 26.25 8.5 
94.32421875 26.25 5.625 
94.32421875 28.4375 8.5 
94.32421875 28.4375 5.625 

110.25 26.25 8.5 
110.25 26.25 2.75 
110.25 21.875 8.5 
110.25 21.875 2.75 
106.7109375 26.25 8.5 
106.7109375 26.25 2.75 
106.7109375 21.875 8.5 
106.7109375 21.875 2.75 

103.171875 26.25 8.5 
103.171875 26.25 5.625 
103.171875 24.0625 8.5 
103.171875 24.0625 5.625 
101.40234375 26.25 8.5 
101.40234375 26.25 5.625 
101.40234375 24.0625 8.5 
101.40234375 24.0625 5.625 

96.09375 17.5 -3 
96.09375 26.25 -3 
103.171875 17.5 -3 
103.171875 26.25 -3 
96.09375 17.5 2.75 
96.09375 26.25 2.75 
103.171875 17.5 2.75 
103.171875 26.25 2.75 

96.09375 17.5 8.5 
103.171875 17.5 8.5 
96.09375 17.5 2.75 
103.171875 17.5 2.75 
96.09375 21.875 8.5 
103.171875 21.875 8.5 
96.09375 21.875 2.75 
103.171875 21.875 2.75 

99.6328125 26.25 8.5 
99.6328125 26.25 5.625 
99.6328125 24.0625 8.5 
99.6328125 24.0625 5.625 
97.86328125 26.25 8.5 
97.86328125 26.25 5.625 
97.86328125 24.0625 8.5 
97.86328125 24.0625 5.625 

96.09375 26.25 2.75 
96.09375 21.875 2.75 
99.6328125 26.25 2.75 
99.6328125 21.875 2.75 
96.09375 26.25 5.625 
96.09375 21.875 5.625 
99.6328125 26.25 5.625 
99.6328125 21.875 5.625 

96.09375 21.875 8.5 
99.6328125 21.875 8.5 
96.09375 21.875 5.625 
99.6328125 21.875 5.625 
96.09375 24.0625 8.5 
99.6328125 24.0625 8.5 
96.09375 24.0625 5.625 
99.6328125 24.0625 5.625 

96.09375 26.25 8.5 
96.09375 26.25 5.625 
96.09375 24.0625 8.5 
96.09375 24.0625 5.625 
97.86328125 26.25 8.5 
97.86328125 26.25 5.625 
97.86328125 24.0625 8.5 
97.86328125 24.0625 5.625 

96.09375 35 8.5 
103.171875 35 8.5 
96.09375 35 2.75 
103.171875 35 2.75 
96.09375 30.625 8.5 
103.171875 30.625 8.5 
96.09375 30.625 2.75 
103.171875 30.625 2.75 

96.09375 35 -3 
96.09375 26.25 -3 
103.171875 35 -3 
103.171875 26.25 -3 
96.09375 35 2.75 
96.09375 26.25 2.75 
103.171875 35 2.75 
103.171875 26.25 2.75 

103.171875 30.625 8.5 
99.6328125 30.625 8.5 
103.171875 30.625 5.625 
99.6328125 30.625 5.625 
103.171875 28.4375 8.5 
99.6328125 28.4375 8.5 
103.171875 28.4375 5.625 
99.6328125 28.4375 5.625 

96.09375 30.625 8.5 
99.6328125 30.625 8.5 
96.09375 30.625 5.625 
99.6328125 30.625 5.625 
96.09375 28.4375 8.5 
99.6328125 28.4375 8.5 
96.09375 28.4375 5.625 
99.6328125 28.4375 5.625 

96.09375 26.25 2.75 
96.09375 30.625 2.75 
99.6328125 26.25 2.75 
99.6328125 30.625 2.75 
96.09375 26.25 5.625 
96.09375 30.625 5.625 
99.6328125 26.25 5.625 
99.6328125 30.625 5.625 

99.6328125 26.25 8.5 
99.6328125 26.25 5.625 
99.6328125 28.4375 8.5 
99.6328125 28.4375 5.625 
97.86328125 26.25 8.5 
97.86328125 26.25 5.625 
97.86328125 28.4375 8.5 
97.86328125 28.4375 5.625 

96.09375 26.25 8.5 
96.09375 26.25 5.625 
96.09375 28.4375 8.5 
96.09375 28.4375 5.625 
97.86328125 26.25 8.5 
97.86328125 26.25 5.625 
97.86328125 28.4375 8.5 
97.86328125 28.4375 5.625 

103.171875 26.25 2.75 
103.171875 21.875 2.75 
99.6328125 26.25 2.75 
99.6328125 21.875 2.75 
103.171875 26.25 5.625 
103.171875 21.875 5.625 
99.6328125 26.25 5.625 
99.6328125 21.875 5.625 

103.171875 21.875 8.5 
99.6328125 21.875 8.5 
103.171875 21.875 5.625 
99.6328125 21.875 5.625 
103.171875 24.0625 8.5 
99.6328125 24.0625 8.5 
103.171875 24.0625 5.625 
99.6328125 24.0625 5.625 

99.6328125 26.25 8.5 
99.6328125 26.25 5.625 
99.6328125 24.0625 8.5 
99.6328125 24.0625 5.625 
101.40234375 26.25 8.5 
101.40234375 26.25 5.625 
101.40234375 24.0625 8.5 
101.40234375 24.0625 5.625 

103.171875 26.25 2.75 
103.171875 30.625 2.75 
99.6328125 26.25 2.75 
99.6328125 30.625 2.75 
103.171875 26.25 5.625 
103.171875 30.625 5.625 
99.6328125 26.25 5.625 
99.6328125 30.625 5.625 

103.171875 26.25 8.5 
103.171875 26.25 5.625 
103.171875 28.4375 8.5 
103.171875 28.4375 5.625 
101.40234375 26.25 8.5 
101.40234375 26.25 5.625 
101.40234375 28.4375 8.5 
101.40234375 28.4375 5.625 

99.6328125 26.25 8.5 
99.6328125 26.25 5.625 
99.6328125 28.4375 8.5 
99.6328125 28.4375 5.625 
101.40234375 26.25 8.5 
101.40234375 26.25 5.625 
101.40234375 28.4375 8.5 
101.40234375 28.4375 5.625 

110.25 35 -3 
110.25 26.25 -3 
103.171875 35 -3 
103.171875 26.25 -3 
110.25 35 2.75 
110.25 26.25 2.75 
103.171875 35 2.75 
103.171875 26.25 2.75 

110.25 30.625 8.5 
110.25 30.625 5.625 
110.25 28.4375 8.5 
110.25 28.4375 5.625 
108.48046875 30.625 8.5 
108.48046875 30.625 5.625 
108.48046875 28.4375 8.5 
108.48046875 28.4375 5.625 

106.7109375 30.625 8.5 
106.7109375 30.625 5.625 
106.7109375 28.4375 8.5 
106.7109375 28.4375 5.625 
104.94140625 30.625 8.5 
104.94140625 30.625 5.625 
104.94140625 28.4375 8.5 
104.94140625 28.4375 5.625 

103.171875 26.25 2.75 
103.171875 30.625 2.75 
106.7109375 26.25 2.75 
106.7109375 30.625 2.75 
103.171875 26.25 5.625 
103.171875 30.625 5.625 
106.7109375 26.25 5.625 
106.7109375 30.625 5.625 

106.7109375 26.25 8.5 
106.7109375 26.25 5.625 
106.7109375 28.4375 8.5 
106.7109375 28.4375 5.625 
104.94140625 26.25 8.5 
104.94140625 26.25 5.625 
104.94140625 28.4375 8.5 
104.94140625 28.4375 5.625 

103.171875 26.25 8.5 
103.171875 26.25 5.625 
103.171875 28.4375 8.5 
103.171875 28.4375 5.625 
104.94140625 26.25 8.5 
104.94140625 26.25 5.625 
104.94140625 28.4375 8.5 
104.94140625 28.4375 5.625 

110.25 17.5 -3 
110.25 26.25 -3 
103.171875 17.5 -3 
103.171875 26.25 -3 
110.25 17.5 2.75 
110.25 26.25 2.75 
103.171875 17.5 2.75 
103.171875 26.25 2.75 

110.25 17.5 8.5 
103.171875 17.5 8.5 
110.25 17.5 2.75 
103.171875 17.5 2.75 
110.25 21.875 8.5 
103.171875 21.875 8.5 
110.25 21.875 2.75 
103.171875 21.875 2.75 

106.7109375 26.25 8.5 
106.7109375 26.25 5.625 
106.7109375 24.0625 8.5 
106.7109375 24.0625 5.625 
104.94140625 26.25 8.5 
104.94140625 26.25 5.625 
104.94140625 24.0625 8.5 
104.94140625 24.0625 5.625 

103.171875 26.25 2.75 
103.171875 21.875 2.75 
106.7109375 26.25 2.75 
106.7109375 21.875 2.75 
103.171875 26.25 5.625 
103.171875 21.875 5.625 
106.7109375 26.25 5.625 
106.7109375 21.875 5.625 

103.171875 21.875 8.5 
106.7109375 21.875 8.5 
103.171875 21.875 5.625 
106.7109375 21.875 5.625 
103.171875 24.0625 8.5 
106.7109375 24.0625 8.5 
103.171875 24.0625 5.625 
106.7109375 24.0625 5.625 

103.171875 26.25 8.5 
103.171875 26.25 5.625 
103.171875 24.0625 8.5 
103.171875 24.0625 5.625 
104.94140625 26.25 8.5 
104.94140625 26.25 5.625 
104.94140625 24.0625 8.5 
104.94140625 24.0625 5.625 

110.25 26.25 2.75 
110.25 30.625 2.75 
106.7109375 26.25 2.75 
106.7109375 30.625 2.75 
110.25 26.25 5.625 
110.25 30.625 5.625 
106.7109375 26.25 5.625 
106.7109375 30.625 5.625 

110.25 26.25 8.5 
110.25 26.25 5.625 
110.25 28.4375 8.5 
110.25 28.4375 5.625 
108.48046875 26.25 8.5 
108.48046875 26.25 5.625 
108.48046875 28.4375 8.5 
108.48046875 28.4375 5.625 

106.7109375 26.25 8.5 
106.7109375 26.25 5.625 
106.7109375 28.4375 8.5 
106.7109375 28.4375 5.625 
108.48046875 26.25 8.5 
108.48046875 26.25 5.625 
108.48046875 28.4375 8.5 
108.48046875 28.4375 5.625 

106.7109375 30.625 8.5 
106.7109375 30.625 5.625 
106.7109375 28.4375 8.5 
106.7109375 28.4375 5.625 
108.48046875 30.625 8.5 
108.48046875 30.625 5.625 
108.48046875 28.4375 8.5 
108.48046875 28.4375 5.625 

103.171875 30.625 8.5 
103.171875 30.625 5.625 
103.171875 28.4375 8.5 
103.171875 28.4375 5.625 
104.94140625 30.625 8.5 
104.94140625 30.625 5.625 
104.94140625 28.4375 8.5 
104.94140625 28.4375 5.625 

166.875 0 8.5 
166.875 35 8.5 
166.875 0 -3 
166.875 35 -3 
138.5625 0 8.5 
138.5625 35 8.5 
138.5625 0 -3 
138.5625 35 -3 

138.5625 35 8.5 
131.484375 35 8.5 
138.5625 35 2.75 
131.484375 35 2.75 
138.5625 30.625 8.5 
131.484375 30.625 8.5 
138.5625 30.625 2.75 
131.484375 30.625 2.75 

110.25 0 8.5 
110.25 0 -3 
138.5625 0 8.5 
138.5625 0 -3 
110.25 17.5 8.5 
110.25 17.5 -3 
138.5625 17.5 8.5 
138.5625 17.5 -3 

124.40625 35 8.5 
117.328125 35 8.5 
124.40625 35 2.75 
117.328125 35 2.75 
124.40625 30.625 8.5 
117.328125 30.625 8.5 
124.40625 30.625 2.75 
117.328125 30.625 2.75 

110.25 17.5 8.5 
110.25 17.5 -3 
124.40625 17.5 8.5 
124.40625 17.5 -3 
110.25 26.25 8.5 
110.25 26.25 -3 
124.40625 26.25 8.5 
124.40625 26.25 -3 

110.25 35 8.5 
117.328125 35 8.5 
110.25 35 2.75 
117.328125 35 2.75 
110.25 30.625 8.5 
117.328125 30.625 8.5 
110.25 30.625 2.75 
117.328125 30.625 2.75 

110.25 35 -3 
110.25 26.25 -3 
117.328125 35 -3 
117.328125 26.25 -3 
110.25 35 2.75 
110.25 26.25 2.75 
117.328125 35 2.75 
117.328125 26.25 2.75 

117.328125 30.625 8.5 
117.328125 30.625 5.625 
117.328125 28.4375 8.5 
117.328125 28.4375 5.625 
115.55859375 30.625 8.5 
115.55859375 30.625 5.625 
115.55859375 28.4375 8.5 
115.55859375 28.4375 5.625 

113.7890625 30.625 8.5 
113.7890625 30.625 5.625 
113.7890625 28.4375 8.5 
113.7890625 28.4375 5.625 
112.01953125 30.625 8.5 
112.01953125 30.625 5.625 
112.01953125 28.4375 8.5 
112.01953125 28.4375 5.625 

110.25 26.25 2.75 
110.25 30.625 2.75 
113.7890625 26.25 2.75 
113.7890625 30.625 2.75 
110.25 26.25 5.625 
110.25 30.625 5.625 
113.7890625 26.25 5.625 
113.7890625 30.625 5.625 

113.7890625 26.25 8.5 
113.7890625 26.25 5.625 
113.7890625 28.4375 8.5 
113.7890625 28.4375 5.625 
112.01953125 26.25 8.5 
112.01953125 26.25 5.625 
112.01953125 28.4375 8.5 
112.01953125 28.4375 5.625 

110.25 26.25 8.5 
110.25 26.25 5.625 
110.25 28.4375 8.5 
110.25 28.4375 5.625 
112.01953125 26.25 8.5 
112.01953125 26.25 5.625 
112.01953125 28.4375 8.5 
112.01953125 28.4375 5.625 

110.25 30.625 8.5 
110.25 30.625 5.625 
110.25 28.4375 8.5 
110.25 28.4375 5.625 
112.01953125 30.625 8.5 
112.01953125 30.625 5.625 
112.01953125 28.4375 8.5 
112.01953125 28.4375 5.625 

117.328125 26.25 2.75 
117.328125 30.625 2.75 
113.7890625 26.25 2.75 
113.7890625 30.625 2.75 
117.328125 26.25 5.625 
117.328125 30.625 5.625 
113.7890625 26.25 5.625 
113.7890625 30.625 5.625 

117.328125 26.25 8.5 
117.328125 26.25 5.625 
117.328125 28.4375 8.5 
117.328125 28.4375 5.625 
115.55859375 26.25 8.5 
115.55859375 26.25 5.625 
115.55859375 28.4375 8.5 
115.55859375 28.4375 5.625 

113.7890625 26.25 8.5 
113.7890625 26.25 5.625 
113.7890625 28.4375 8.5 
113.7890625 28.4375 5.625 
115.55859375 26.25 8.5 
115.55859375 26.25 5.625 
115.55859375 28.4375 8.5 
115.55859375 28.4375 5.625 

113.7890625 30.625 8.5 
113.7890625 30.625 5.625 
113.7890625 28.4375 8.5 
113.7890625 28.4375 5.625 
115.55859375 30.625 8.5 
115.55859375 30.625 5.625 
115.55859375 28.4375 8.5 
115.55859375 28.4375 5.625 

124.40625 35 -3 
124.40625 26.25 -3 
117.328125 35 -3 
117.328125 26.25 -3 
124.40625 35 2.75 
124.40625 26.25 2.75 
117.328125 35 2.75 
117.328125 26.25 2.75 

124.40625 30.625 8.5 
124.40625 30.625 5.625 
124.40625 28.4375 8.5 
124.40625 28.4375 5.625 
122.63671875 30.625 8.5 
122.63671875 30.625 5.625 
122.63671875 28.4375 8.5 
122.63671875 28.4375 5.625 

120.8671875 30.625 8.5 
120.8671875 30.625 5.625 
120.8671875 28.4375 8.5 
120.8671875 28.4375 5.625 
119.09765625 30.625 8.5 
119.09765625 30.625 5.625 
119.09765625 28.4375 8.5 
119.09765625 28.4375 5.625 

117.328125 26.25 2.75 
117.328125 30.625 2.75 
120.8671875 26.25 2.75 
120.8671875 30.625 2.75 
117.328125 26.25 5.625 
117.328125 30.625 5.625 
120.8671875 26.25 5.625 
120.8671875 30.625 5.625 

120.8671875 26.25 8.5 
120.8671875 26.25 5.625 
120.8671875 28.4375 8.5 
120.8671875 28.4375 5.625 
119.09765625 26.25 8.5 
119.09765625 26.25 5.625 
119.09765625 28.4375 8.5 
119.09765625 28.4375 5.625 

117.328125 26.25 8.5 
117.328125 26.25 5.625 
117.328125 28.4375 8.5 
117.328125 28.4375 5.625 
119.09765625 26.25 8.5 
119.09765625 26.25 5.625 
119.09765625 28.4375 8.5 
119.09765625 28.4375 5.625 

117.328125 30.625 8.5 
117.328125 30.625 5.625 
117.328125 28.4375 8.5 
117.328125 28.4375 5.625 
119.09765625 30.625 8.5 
119.09765625 30.625 5.625 
119.09765625 28.4375 8.5 
119.09765625 28.4375 5.625 

124.40625 26.25 2.75 
124.40625 30.625 2.75 
120.8671875 26.25 2.75 
120.8671875 30.625 2.75 
124.40625 26.25 5.625 
124.40625 30.625 5.625 
120.8671875 26.25 5.625 
120.8671875 30.625 5.625 

124.40625 26.25 8.5 
124.40625 26.25 5.625 
124.40625 28.4375 8.5 
124.40625 28.4375 5.625 
122.63671875 26.25 8.5 
122.63671875 26.25 5.625 
122.63671875 28.4375 8.5 
122.63671875 28.4375 5.625 

120.8671875 26.25 8.5 
120.8671875 26.25 5.625 
120.8671875 28.4375 8.5 
120.8671875 28.4375 5.625 
122.63671875 26.25 8.5 
122.63671875 26.25 5.625 
122.63671875 28.4375 8.5 
122.63671875 28.4375 5.625 

120.8671875 30.625 8.5 
120.8671875 30.625 5.625 
120.8671875 28.4375 8.5 
120.8671875 28.4375 5.625 
122.63671875 30.625 8.5 
122.63671875 30.625 5.625 
122.63671875 28.4375 8.5 
122.63671875 28.4375 5.625 

138.5625 17.5 8.5 
138.5625 17.5 -3 
124.40625 17.5 8.5 
124.40625 17.5 -3 
138.5625 26.25 8.5 
138.5625 26.25 -3 
124.40625 26.25 8.5 
124.40625 26.25 -3 

124.40625 35 8.5 
131.484375 35 8.5 
124.40625 35 2.75 
131.484375 35 2.75 
124.40625 30.625 8.5 
131.484375 30.625 8.5 
124.40625 30.625 2.75 
131.484375 30.625 2.75 

124.40625 35 -3 
124.40625 26.25 -3 
131.484375 35 -3 
131.484375 26.25 -3 
124.40625 35 2.75 
124.40625 26.25 2.75 
131.484375 35 2.75 
131.484375 26.25 2.75 

131.484375 30.625 8.5 
131.484375 30.625 5.625 
131.484375 28.4375 8.5 
131.484375 28.4375 5.625 
129.71484375 30.625 8.5 
129.71484375 30.625 5.625 
129.71484375 28.4375 8.5 
129.71484375 28.4375 5.625 

127.9453125 30.625 8.5 
127.9453125 30.625 5.625 
127.9453125 28.4375 8.5 
127.9453125 28.4375 5.625 
126.17578125 30.625 8.5 
126.17578125 30.625 5.625 
126.17578125 28.4375 8.5 
126.17578125 28.4375 5.625 

124.40625 26.25 2.75 
124.40625 30.625 2.75 
127.9453125 26.25 2.75 
127.9453125 30.625 2.75 
124.40625 26.25 5.625 
124.40625 30.625 5.625 
127.9453125 26.25 5.625 
127.9453125 30.625 5.625 

127.9453125 26.25 8.5 
127.9453125 26.25 5.625 
127.9453125 28.4375 8.5 
127.9453125 28.4375 5.625 
126.17578125 26.25 8.5 
126.17578125 26.25 5.625 
126.17578125 28.4375 8.5 
126.17578125 28.4375 5.625 

124.40625 26.25 8.5 
124.40625 26.25 5.625 
124.40625 28.4375 8.5 
124.40625 28.4375 5.625 
126.17578125 26.25 8.5 
126.17578125 26.25 5.625 
126.17578125 28.4375 8.5 
126.17578125 28.4375 5.625 

124.40625 30.625 8.5 
124.40625 30.625 5.625 
124.40625 28.4375 8.5 
124.40625 28.4375 5.625 
126.17578125 30.625 8.5 
126.17578125 30.625 5.625 
126.17578125 28.4375 8.5 
126.17578125 28.4375 5.625 

131.484375 26.25 2.75 
131.484375 30.625 2.75 
127.9453125 26.25 2.75 
127.9453125 30.625 2.75 
131.484375 26.25 5.625 
131.484375 30.625 5.625 
127.9453125 26.25 5.625 
127.9453125 30.625 5.625 

131.484375 26.25 8.5 
127.9453125 26.25 8.5 
131.484375 26.25 5.625 
127.9453125 26.25 5.625 
131.484375 28.4375 8.5 
127.9453125 28.4375 8.5 
131.484375 28.4375 5.625 
127.9453125 28.4375 5.625 

127.9453125 30.625 8.5 
127.9453125 30.625 5.625 
127.9453125 28.4375 8.5 
127.9453125 28.4375 5.625 
129.71484375 30.625 8.5 
129.71484375 30.625 5.625 
129.71484375 28.4375 8.5 
129.71484375 28.4375 5.625 

138.5625 35 -3 
138.5625 26.25 -3 
131.484375 35 -3 
131.484375 26.25 -3 
138.5625 35 2.75 
138.5625 26.25 2.75 
131.484375 35 2.75 
131.484375 26.25 2.75 

138.5625 30.625 8.5 
138.5625 30.625 5.625 
138.5625 28.4375 8.5 
138.5625 28.4375 5.625 
136.79296875 30.625 8.5 
136.79296875 30.625 5.625 
136.79296875 28.4375 8.5 
136.79296875 28.4375 5.625 

135.0234375 30.625 8.5 
135.0234375 30.625 5.625 
135.0234375 28.4375 8.5 
135.0234375 28.4375 5.625 
133.25390625 30.625 8.5 
133.25390625 30.625 5.625 
133.25390625 28.4375 8.5 
133.25390625 28.4375 5.625 

131.484375 26.25 2.75 
131.484375 30.625 2.75 
135.0234375 26.25 2.75 
135.0234375 30.625 2.75 
131.484375 26.25 5.625 
131.484375 30.625 5.625 
135.0234375 26.25 5.625 
135.0234375 30.625 5.625 

131.484375 26.25 8.5 
135.0234375 26.25 8.5 
131.484375 26.25 5.625 
135.0234375 26.25 5.625 
131.484375 28.4375 8.5 
135.0234375 28.4375 8.5 
131.484375 28.4375 5.625 
135.0234375 28.4375 5.625 

131.484375 30.625 8.5 
131.484375 30.625 5.625 
131.484375 28.4375 8.5 
131.484375 28.4375 5.625 
133.25390625 30.625 8.5 
133.25390625 30.625 5.625 
133.25390625 28.4375 8.5 
133.25390625 28.4375 5.625 

138.5625 26.25 2.75 
138.5625 30.625 2.75 
135.0234375 26.25 2.75 
135.0234375 30.625 2.75 
138.5625 26.25 5.625 
138.5625 30.625 5.625 
135.0234375 26.25 5.625 
135.0234375 30.625 5.625 

138.5625 26.25 8.5 
135.0234375 26.25 8.5 
138.5625 26.25 5.625 
135.0234375 26.25 5.625 
138.5625 28.4375 8.5 
135.0234375 28.4375 8.5 
138.5625 28.4375 5.625 
135.0234375 28.4375 5.625 

135.0234375 30.625 8.5 
135.0234375 30.625 5.625 
135.0234375 28.4375 8.5 
135.0234375 28.4375 5.625 
136.79296875 30.625 8.5 
136.79296875 30.625 5.625 
136.79296875 28.4375 8.5 
136.79296875 28.4375 5.625 

