0.71875 0.21875 
0.75 0.21875 
0.75 0.25 
0.71875 0.25 
0.71875 0.21875 

0.703125 0.21875 
0.71875 0.21875 
0.71875 0.25 
0.703125 0.25 
0.703125 0.21875 

0.703125 0.203125 
0.71875 0.203125 
0.71875 0.21875 
0.703125 0.21875 
0.703125 0.203125 

0.699999999999999955591079 0.21875 
0.699999999999999955591079 0.2109375 
0.703125 0.2109375 
0.703125 0.21875 
0.699999999999999955591079 0.21875 

0.699999999999999955591079 0.203125 
0.699999999999999955591079 0.199999999999999983346655 
0.703125 0.199999999999999983346655 
0.703125 0.203125 
0.699999999999999955591079 0.203125 

0.699999999999999955591079 0.2109375 
0.699999999999999955591079 0.203125 
0.703125 0.203125 
0.703125 0.2109375 
0.699999999999999955591079 0.2109375 

0.7109375 0.199999999999999983346655 
0.71875 0.199999999999999983346655 
0.71875 0.203125 
0.7109375 0.203125 
0.7109375 0.199999999999999983346655 

0.703125 0.203125 
0.703125 0.199999999999999983346655 
0.7109375 0.199999999999999983346655 
0.7109375 0.203125 
0.703125 0.203125 

0.699999999999999955591079 0.25 
0.699999999999999955591079 0.2421875 
0.703125 0.2421875 
0.703125 0.25 
0.699999999999999955591079 0.25 

0.699999999999999955591079 0.234375 
0.699999999999999955591079 0.2265625 
0.703125 0.2265625 
0.703125 0.234375 
0.699999999999999955591079 0.234375 

0.699999999999999955591079 0.2265625 
0.699999999999999955591079 0.21875 
0.703125 0.21875 
0.703125 0.2265625 
0.699999999999999955591079 0.2265625 

0.699999999999999955591079 0.2421875 
0.699999999999999955591079 0.234375 
0.703125 0.234375 
0.703125 0.2421875 
0.699999999999999955591079 0.2421875 

0.734375 0.203125 
0.75 0.203125 
0.75 0.21875 
0.734375 0.21875 
0.734375 0.203125 

0.71875 0.21875 
0.71875 0.203125 
0.734375 0.203125 
0.734375 0.21875 
0.71875 0.21875 

0.7265625 0.199999999999999983346655 
0.734375 0.199999999999999983346655 
0.734375 0.203125 
0.7265625 0.203125 
0.7265625 0.199999999999999983346655 

0.71875 0.203125 
0.71875 0.199999999999999983346655 
0.7265625 0.199999999999999983346655 
0.7265625 0.203125 
0.71875 0.203125 

0.7421875 0.199999999999999983346655 
0.75 0.199999999999999983346655 
0.75 0.203125 
0.7421875 0.203125 
0.7421875 0.199999999999999983346655 

0.734375 0.203125 
0.734375 0.199999999999999983346655 
0.7421875 0.199999999999999983346655 
0.7421875 0.203125 
0.734375 0.203125 

0.699999999999999955591079 0.25 
0.703125 0.25 

0.703125 0.25 
0.7109375 0.25 

0.71875 0.25 
0.7109375 0.25 

0.71875 0.25 
0.7265625 0.25 

0.734375 0.25 
0.7265625 0.25 

0.734375 0.25 
0.7421875 0.25 

0.75 0.25 
0.7421875 0.25 

0.75 0.25 
0.75 0.21875 
0.78125 0.21875 
0.78125 0.25 
0.75 0.25 

0.765625 0.203125 
0.78125 0.203125 
0.78125 0.21875 
0.765625 0.21875 
0.765625 0.203125 

0.75 0.21875 
0.75 0.203125 
0.765625 0.203125 
0.765625 0.21875 
0.75 0.21875 

0.7578125 0.199999999999999983346655 
0.765625 0.199999999999999983346655 
0.765625 0.203125 
0.7578125 0.203125 
0.7578125 0.199999999999999983346655 

0.75 0.203125 
0.75 0.199999999999999983346655 
0.7578125 0.199999999999999983346655 
0.7578125 0.203125 
0.75 0.203125 

0.7734375 0.199999999999999983346655 
0.78125 0.199999999999999983346655 
0.78125 0.203125 
0.7734375 0.203125 
0.7734375 0.199999999999999983346655 

0.765625 0.203125 
0.765625 0.199999999999999983346655 
0.7734375 0.199999999999999983346655 
0.7734375 0.203125 
0.765625 0.203125 

0.78125 0.21875 
0.78125 0.203125 
0.796875 0.203125 
0.796875 0.21875 
0.78125 0.21875 

0.7890625 0.199999999999999983346655 
0.796875 0.199999999999999983346655 
0.796875 0.203125 
0.7890625 0.203125 
0.7890625 0.199999999999999983346655 

0.78125 0.203125 
0.78125 0.199999999999999983346655 
0.7890625 0.199999999999999983346655 
0.7890625 0.203125 
0.78125 0.203125 

0.796875 0.199999999999999983346655 
0.799999999999999933386619 0.199999999999999983346655 
0.799999999999999933386619 0.203125 
0.796875 0.203125 
0.796875 0.199999999999999983346655 

0.796875 0.2109375 
0.799999999999999933386619 0.2109375 
0.799999999999999933386619 0.21875 
0.796875 0.21875 
0.796875 0.2109375 

0.796875 0.203125 
0.799999999999999933386619 0.203125 
0.799999999999999933386619 0.2109375 
0.796875 0.2109375 
0.796875 0.203125 

0.78125 0.25 
0.78125 0.21875 
0.796875 0.21875 
0.796875 0.25 
0.78125 0.25 

0.796875 0.2265625 
0.799999999999999933386619 0.2265625 
0.799999999999999933386619 0.234375 
0.796875 0.234375 
0.796875 0.2265625 

0.796875 0.21875 
0.799999999999999933386619 0.21875 
0.799999999999999933386619 0.2265625 
0.796875 0.2265625 
0.796875 0.21875 

0.796875 0.2421875 
0.799999999999999933386619 0.2421875 
0.799999999999999933386619 0.25 
0.796875 0.25 
0.796875 0.2421875 

0.796875 0.234375 
0.799999999999999933386619 0.234375 
0.799999999999999933386619 0.2421875 
0.796875 0.2421875 
0.796875 0.234375 

0.75 0.25 
0.7578125 0.25 

0.765625 0.25 
0.7578125 0.25 

0.765625 0.25 
0.7734375 0.25 

0.78125 0.25 
0.7734375 0.25 

0.78125 0.25 
0.7890625 0.25 

0.796875 0.25 
0.7890625 0.25 

0.799999999999999933386619 0.25 
0.796875 0.25 

